17
0.2083 0.2491 0
0.21375 0.25 0
0.2141 0.2491 0
0.2199 0.2491 0
0.254599 0.2596 0
0.3125 0.2831 0
0.3472 0.3015 0
0.4283 0.346 0
0.4572 0.3643 0
0.4803 0.3878 0
0.5375 0.428333 0
0.544 0.435 0
0.57875 0.471667 0
0.5903 0.4847 0
0.6193 0.4978 0
0.6308 0.5057 0
0.64 0.515 0
15
0.247074 0.251317 0
0.258974 0.253917 0
0.26487 0.253215 0
0.286941 0.254011 0
0.296978 0.253871 0
0.311201 0.259457 0
0.362494 0.27406 0
0.434094 0.312852 0
0.468717 0.323071 0
0.530031 0.358869 0
0.563201 0.377377 0
0.5914 0.401355 0
0.625623 0.433176 0
0.655088 0.442559 0
0.677764 0.448906 0
12
0.279851 0.178982 0
0.285951 0.184546 0
0.310362 0.189949 0
0.408067 0.228504 0
0.505684 0.280876 0
0.609567 0.341699 0
0.688927 0.394093 0
0.798819 0.452233 0
0.85979 0.474456 0
0.920913 0.491178 0
0.975838 0.499596 0
0.997568 0.48871 0
25
0.20875 0.38 0
0.2319 0.3849 0
0.29375 0.401667 0
0.3211 0.4145 0
0.3567 0.436 0
0.3924 0.4548 0
0.44 0.4737 0
0.4757 0.4898 0
0.5173 0.5059 0
0.553 0.5248 0
0.5887 0.5355 0
0.6184 0.5382 0
0.6481 0.5436 0
0.6838 0.5463 0
0.7076 0.557 0
0.7373 0.5597 0
0.767 0.557 0
0.7908 0.557 0
0.8146 0.5544 0
0.8325 0.549 0
0.8562 0.5463 0
0.886 0.5436 0
0.89375 0.54 0
0.9217 0.5328 0
0.9336 0.5275 0
22
0.2438 0.2693 0
0.2497 0.2693 0
0.261599 0.2746 0
0.261599 0.2746 0
0.2735 0.28 0
0.2973 0.2881 0
0.3389 0.3096 0
0.3686 0.3204 0
0.4519 0.3446 0
0.4935 0.358 0
0.5292 0.3741 0
0.6005 0.4064 0
0.6362 0.4226 0
0.6719 0.4387 0
0.7433 0.4683 0
0.767 0.4764 0
0.7908 0.4844 0
0.8444 0.4979 0
0.8622 0.5032 0
0.886 0.5059 0
0.8979 0.5059 0
0.9098 0.5059 0
13
0.1824 0.296 0
0.1887 0.2988 0
0.2579 0.3131 0
0.346 0.3387 0
0.4466 0.3643 0
0.5599 0.387 0
0.7109 0.4155 0
0.7926 0.4411 0
0.887 0.4667 0
0.9122 0.4753 0
0.9311 0.4866 0
0.9436 0.4895 0
0.9562 0.4866 0
14
0.0773533 0.189886 0
0.0798939 0.191489 0
0.0859763 0.191665 0
0.101848 0.187366 0
0.12884 0.186026 0
0.178979 0.193947 0
0.235276 0.201713 0
0.318573 0.221094 0
0.399881 0.252649 0
0.479802 0.290144 0
0.552016 0.336769 0
0.594082 0.383259 0
0.618738 0.422842 0
0.626226 0.45014 0
7
0.176732 0.151836 0
0.197887 0.152458 0
0.340605 0.194937 0
0.489648 0.269325 0
0.632883 0.344618 0
0.802638 0.442077 0
0.846228 0.480995 0
12
0.167421 0.281445 0
0.180015 0.283445 0
0.196598 0.278104 0
0.23201 0.280163 0
0.284025 0.28264 0
0.331367 0.306321 0
0.418471 0.323542 0
0.513933 0.361566 0
0.636489 0.401653 0
0.728965 0.444602 0
0.802471 0.481677 0
0.863729 0.507336 0
7
0.121711 0.182314 0
0.165566 0.171345 0
0.367973 0.181379 0
0.506383 0.215064 0
0.679651 0.282984 0
0.724524 0.357801 0
0.732822 0.403399 0
17
0.128199 0.252 0
0.1331 0.2542 0
0.1381 0.2587 0
0.1479 0.260899 0
0.1775 0.2654 0
0.2318 0.2743 0
0.2861 0.2944 0
0.3749 0.3278 0
0.4439 0.3635 0
0.5228 0.397 0
0.582 0.426 0
0.6412 0.4595 0
0.6807 0.4796 0
0.7152 0.5019 0
0.7448 0.515299 0
0.7547 0.5264 0
0.7695 0.5376 0
10
0.2201 0.2159 0
0.2323 0.2186 0
0.269 0.2352 0
0.324 0.2684 0
0.3974 0.321 0
0.501299 0.3929 0
0.5686 0.4399 0
0.6114 0.4675 0
0.6603 0.4814 0
0.6908 0.4952 0
9
0.163855 0.228488 0
0.188905 0.228924 0
0.352974 0.242855 0
0.482634 0.263554 0
0.612804 0.29482 0
0.753841 0.356785 0
0.812483 0.403292 0
0.8462 0.437968 0
0.852699 0.456648 0
22
0.202436 0.236152 0
0.203986 0.236585 0
0.213134 0.238193 0
0.223834 0.238193 0
0.238804 0.239348 0
0.253687 0.239894 0
0.280487 0.247194 0
0.304951 0.252752 0
0.342451 0.264952 0
0.383743 0.285774 0
0.432239 0.308924 0
0.469739 0.338024 0
0.522636 0.359509 0
0.562867 0.394031 0
0.600367 0.418231 0
0.620113 0.439204 0
0.657613 0.463404 0
0.678133 0.484357 0
0.698568 0.497972 0
0.709268 0.507672 0
0.719815 0.513412 0
0.72988 0.51883 0
25
0.209142 0.20322 0
0.210692 0.202353 0
0.212888 0.200833 0
0.222588 0.201633 0
0.226813 0.199679 0
0.238614 0.199679 0
0.248603 0.194066 0
0.260503 0.199466 0
0.280634 0.196888 0
0.304434 0.194188 0
0.331768 0.189952 0
0.373468 0.189952 0
0.427275 0.196403 0
0.485569 0.204009 0
0.52727 0.220109 0
0.564679 0.234428 0
0.600379 0.250528 0
0.621584 0.269098 0
0.651284 0.285298 0
0.673544 0.306537 0
0.685444 0.320037 0
0.695828 0.335817 0
0.701728 0.346617 0
0.707488 0.358634 0
0.706335 0.370405 0
20
0.19667 0.217105 0
0.19667 0.217105 0
0.20267 0.216961 0
0.208214 0.22197 0
0.232014 0.21657 0
0.249531 0.221386 0
0.284397 0.22897 0
0.320097 0.24507 0
0.367223 0.268962 0
0.408884 0.287532 0
0.444584 0.333232 0
0.491963 0.368033 0
0.532724 0.405897 0
0.574324 0.443597 0
0.603504 0.481692 0
0.638895 0.517179 0
0.656795 0.54408 0
0.674292 0.574157 0
0.692044 0.598621 0
0.691813 0.617615 0
17
0.151986 0.210777 0
0.157436 0.211677 0
0.157777 0.209282 0
0.159892 0.205224 0
0.190621 0.209672 0
0.240901 0.227816 0
0.275601 0.246216 0
0.351784 0.287525 0
0.381324 0.3024 0
0.402128 0.324873 0
0.450622 0.367108 0
0.457122 0.373775 0
0.486479 0.415573 0
0.494832 0.433674 0
0.520682 0.451718 0
0.531683 0.462354 0
0.538487 0.47367 0
6
0.106653 0.176248 0
0.129322 0.181033 0
0.21883 0.188243 0
0.494525 0.270602 0
0.690451 0.34409 0
0.843647 0.436007 0
10
0.210921 0.209654 0
0.22312 0.21211 0
0.259219 0.228049 0
0.31233 0.259389 0
0.384928 0.311469 0
0.488557 0.382643 0
0.554439 0.429921 0
0.595839 0.459183 0
0.644226 0.473889 0
0.674254 0.488464 0
21
0.2197 0.2479 0
0.2304 0.2504 0
0.2411 0.2504 0
0.2572 0.252799 0
0.2733 0.2552 0
0.3001 0.2625 0
0.3269 0.2697 0
0.3644 0.2819 0
0.4072 0.3037 0
0.4555 0.3279 0
0.493 0.357 0
0.5466 0.3788 0
0.5895 0.4128 0
0.627 0.437 0
0.6484 0.4564 0
0.6859 0.4806 0
0.7074 0.5 0
0.7288 0.512099 0
0.7395 0.521799 0
0.7502 0.5267 0
0.761 0.5315 0
19
0.198961 0.218664 0
0.204961 0.218664 0
0.21086 0.22398 0
0.234455 0.218354 0
0.252354 0.223754 0
0.287733 0.231517 0
0.323009 0.247318 0
0.370334 0.27134 0
0.411934 0.29024 0
0.44767 0.335749 0
0.495142 0.370592 0
0.536742 0.408292 0
0.577857 0.446087 0
0.607256 0.483973 0
0.642778 0.519254 0
0.660678 0.546155 0
0.678302 0.576031 0
0.696074 0.600384 0
0.703091 0.614363 0
21
0.217655 0.246508 0
0.228355 0.249008 0
0.239055 0.248954 0
0.255155 0.251353 0
0.271121 0.253607 0
0.297777 0.260687 0
0.324577 0.267887 0
0.3618 0.279892 0
0.404421 0.301576 0
0.452721 0.325776 0
0.490245 0.354752 0
0.543761 0.376515 0
0.586661 0.410515 0
0.623845 0.434777 0
0.645049 0.454363 0
0.682549 0.478563 0
0.703933 0.498147 0
0.725219 0.510426 0
0.735919 0.520126 0
0.7466 0.525126 0
0.757313 0.529999 0
18
0.121077 0.242192 0
0.125377 0.243324 0
0.141475 0.245355 0
0.156564 0.246752 0
0.182382 0.252556 0
0.225282 0.269556 0
0.260898 0.292431 0
0.297182 0.311042 0
0.33494 0.341696 0
0.39924 0.375596 0
0.436173 0.406942 0
0.47152 0.438863 0
0.502387 0.464331 0
0.539887 0.486131 0
0.555096 0.504384 0
0.570418 0.517707 0
0.580994 0.525683 0
0.591202 0.530982 0
18
0.126239 0.245705 0
0.130539 0.246837 0
0.146638 0.249005 0
0.162064 0.250774 0
0.188247 0.257132 0
0.231147 0.274132 0
0.267461 0.297499 0
0.304196 0.316403 0
0.341896 0.34737 0
0.406196 0.38127 0
0.443338 0.41271 0
0.479484 0.444475 0
0.510845 0.469473 0
0.548345 0.491273 0
0.563848 0.509062 0
0.579458 0.521931 0
0.59008 0.529656 0
0.600507 0.53477 0
5
0.239067 0.190756 0
0.276814 0.199293 0
0.559919 0.247667 0
0.811569 0.335879 0
0.937393 0.426937 0
17
0.175892 0.185386 0
0.175892 0.185386 0
0.181783 0.191999 0
0.190018 0.204063 0
0.25147 0.254543 0
0.27359 0.276116 0
0.36279 0.332616 0
0.4115 0.356342 0
0.453736 0.371736 0
0.600153 0.435315 0
0.680594 0.447707 0
0.716294 0.455808 0
0.764431 0.469011 0
0.791051 0.474051 0
0.828169 0.469169 0
0.835022 0.468189 0
0.856339 0.456795 0
10
0.202574 0.210659 0
0.210021 0.212762 0
0.263963 0.239197 0
0.334033 0.28022 0
0.387621 0.318003 0
0.460545 0.352624 0
0.519144 0.391913 0
0.596177 0.441843 0
0.631972 0.459863 0
0.66774 0.475028 0
11
0.187858 0.193627 0
0.187853 0.192774 0
0.20955 0.222657 0
0.254784 0.254203 0
0.330928 0.303124 0
0.444293 0.34417 0
0.561882 0.389384 0
0.696535 0.441684 0
0.73631 0.455276 0
0.776213 0.468898 0
0.81616 0.471611 0
10
0.237463 0.159888 0
0.243558 0.161589 0
0.271695 0.169977 0
0.343348 0.181652 0
0.474662 0.254219 0
0.595755 0.314844 0
0.706136 0.374081 0
0.840996 0.438998 0
0.900091 0.458902 0
0.928656 0.475878 0
22
0.2197 0.2479 0
0.22125 0.248333 0
0.2304 0.2504 0
0.2411 0.2504 0
0.2572 0.252799 0
0.2733 0.2552 0
0.3001 0.2625 0
0.3269 0.2697 0
0.3644 0.2819 0
0.4072 0.3037 0
0.4555 0.3279 0
0.493 0.357 0
0.5466 0.3788 0
0.5895 0.4128 0
0.627 0.437 0
0.6484 0.4564 0
0.6859 0.4806 0
0.7074 0.5 0
0.7288 0.512099 0
0.7395 0.521799 0
0.7502 0.5267 0
0.761 0.5315 0
10
0.238106 0.160325 0
0.2442 0.162043 0
0.27238 0.170477 0
0.344165 0.182283 0
0.475535 0.254886 0
0.596647 0.315562 0
0.707128 0.37478 0
0.842085 0.43958 0
0.901216 0.459428 0
0.929814 0.47635 0
10
0.204463 0.205259 0
0.216661 0.207544 0
0.252337 0.223017 0
0.304119 0.253049 0
0.376154 0.304763 0
0.479593 0.375427 0
0.544476 0.422899 0
0.584891 0.453331 0
0.632917 0.468604 0
0.662613 0.483724 0
17
0.145693 0.206495 0
0.151143 0.207395 0
0.151483 0.204833 0
0.153186 0.200322 0
0.183472 0.204093 0
0.232901 0.221638 0
0.267601 0.240038 0
0.343234 0.28099 0
0.372845 0.295483 0
0.393393 0.317841 0
0.440914 0.360266 0
0.447414 0.366933 0
0.476169 0.409305 0
0.484164 0.427972 0
0.509663 0.446569 0
0.520607 0.45751 0
0.527144 0.469052 0
18
0.112608 0.222884 0
0.116008 0.223951 0
0.118508 0.225511 0
0.118846 0.22539 0
0.150865 0.233761 0
0.176865 0.24836 0
0.215125 0.283181 0
0.260176 0.323955 0
0.305522 0.370612 0
0.363922 0.414612 0
0.409059 0.443839 0
0.453842 0.50546 0
0.498759 0.532224 0
0.537659 0.558624 0
0.563333 0.582383 0
0.58251 0.597434 0
0.595474 0.609327 0
0.596554 0.610403 0
7
0.216743 0.179064 0
0.240523 0.183632 0
0.391476 0.234216 0
0.543558 0.313305 0
0.69461 0.388118 0
0.870468 0.478331 0
0.918353 0.510359 0
20
0.186859 0.210429 0
0.186859 0.210429 0
0.192857 0.210024 0
0.19776 0.214326 0
0.22156 0.208926 0
0.238384 0.212688 0
0.271923 0.219338 0
0.307623 0.235438 0
0.353892 0.258775 0
0.395665 0.276748 0
0.431365 0.322448 0
0.478344 0.35707 0
0.517588 0.39523 0
0.559188 0.43293 0
0.587428 0.471919 0
0.622263 0.50829 0
0.640163 0.535191 0
0.657111 0.566129 0
0.674775 0.591069 0
0.674127 0.610415 0
21
0.186283 0.225159 0
0.196983 0.227659 0
0.207678 0.226772 0
0.223778 0.229171 0
0.237691 0.229164 0
0.262135 0.232873 0
0.288935 0.240073 0
0.321913 0.249094 0
0.361796 0.269001 0
0.410096 0.293201 0
0.447975 0.320268 0
0.500213 0.341459 0
0.543113 0.375459 0
0.575446 0.400669 0
0.593647 0.423114 0
0.631146 0.447314 0
0.650749 0.469721 0
0.67028 0.484754 0
0.68098 0.494454 0
0.691384 0.500978 0
0.700762 0.506975 0
16
0.225207 0.229933 0
0.228207 0.231133 0
0.234005 0.230741 0
0.238836 0.234975 0
0.318894 0.269985 0
0.337442 0.285478 0
0.408201 0.32794 0
0.437269 0.34544 0
0.466169 0.36114 0
0.529266 0.39747 0
0.561679 0.416317 0
0.600762 0.441165 0
0.617322 0.452996 0
0.651195 0.467395 0
0.668464 0.475914 0
0.673635 0.479043 0
10
0.383983 0.296118 0
0.390282 0.298691 0
0.427176 0.314804 0
0.487541 0.355009 0
0.530565 0.394211 0
0.567903 0.435937 0
0.628899 0.476109 0
0.65852 0.50674 0
0.695631 0.533521 0
0.732698 0.545861 0
6
0.110089 0.160103 0
0.139687 0.160156 0
0.301249 0.167042 0
0.495445 0.176185 0
0.788727 0.298838 0
0.848599 0.420382 0
12
0.276011 0.239999 0
0.276005 0.238962 0
0.279447 0.241445 0
0.306392 0.253444 0
0.324902 0.260426 0
0.363089 0.271711 0
0.439239 0.314321 0
0.456996 0.339702 0
0.494853 0.367464 0
0.528334 0.411382 0
0.538048 0.425514 0
0.547938 0.436912 0
10
0.386959 0.298143 0
0.393257 0.300795 0
0.430346 0.317122 0
0.491323 0.357929 0
0.534608 0.3973 0
0.572033 0.439262 0
0.633489 0.479344 0
0.663564 0.509436 0
0.700841 0.535956 0
0.738061 0.548044 0
14
0.0779549 0.190295 0
0.0804957 0.191914 0
0.0866175 0.192133 0
0.102532 0.187899 0
0.129605 0.186617 0
0.179796 0.194572 0
0.236087 0.202375 0
0.319408 0.221766 0
0.400809 0.253303 0
0.480788 0.290743 0
0.553036 0.337314 0
0.595136 0.383752 0
0.619797 0.423305 0
0.62731 0.450582 0
7
0.242842 0.268558 0
0.25823 0.262983 0
0.275429 0.264976 0
0.325314 0.28515 0
0.412217 0.3273 0
0.54087 0.41118 0
0.58404 0.447601 0
9
0.189255 0.176284 0
0.19775 0.173365 0
0.226361 0.16403 0
0.308523 0.167154 0
0.417556 0.179873 0
0.573901 0.245047 0
0.693798 0.306268 0
0.759296 0.393511 0
0.768516 0.432864 0
10
0.3963 0.3045 0
0.4026 0.3074 0
0.4403 0.3244 0
0.5032 0.3671 0
0.5473 0.407 0
0.585 0.4497 0
0.6479 0.4895 0
0.6794 0.5179 0
0.7172 0.5436 0
0.7549 0.5549 0
13
0.141203 0.267965 0
0.147497 0.269671 0
0.214001 0.281003 0
0.299197 0.302175 0
0.394222 0.323857 0
0.503925 0.344222 0
0.655393 0.370217 0
0.735413 0.395066 0
0.823444 0.421911 0
0.8447 0.434265 0
0.861261 0.449272 0
0.871457 0.455789 0
0.881939 0.456365 0
8
0.11163 0.216648 0
0.124127 0.217795 0
0.139772 0.218662 0
0.31483 0.241863 0
0.482103 0.266491 0
0.714496 0.34741 0
0.81068 0.403256 0
0.844399 0.467742 0
11
0.320824 0.275283 0
0.326821 0.276741 0
0.338166 0.281059 0
0.361914 0.293198 0
0.445745 0.347188 0
0.540363 0.380222 0
0.633881 0.416872 0
0.72348 0.447599 0
0.797891 0.469225 0
0.872319 0.488008 0
0.915333 0.495326 0
29
0.169905 0.230717 0
0.174455 0.237084 0
0.174455 0.237084 0
0.180455 0.242282 0
0.184905 0.253948 0
0.193403 0.267005 0
0.204003 0.282405 0
0.211882 0.306591 0
0.227532 0.327691 0
0.250811 0.354226 0
0.280512 0.389226 0
0.303976 0.415908 0
0.333676 0.437408 0
0.36342 0.458674 0
0.40512 0.480174 0
0.45262 0.496373 0
0.488163 0.509704 0
0.541663 0.515104 0
0.594569 0.52592 0
0.636269 0.52862 0
0.677501 0.526271 0
0.719101 0.520971 0
0.760482 0.515916 0
0.790282 0.510516 0
0.807867 0.500054 0
0.843567 0.494754 0
0.861333 0.486841 0
0.879233 0.481441 0
0.89097 0.470878 0
13
0.084666 0.126738 0
0.100363 0.131017 0
0.156714 0.133555 0
0.295354 0.137276 0
0.419259 0.156271 0
0.484125 0.170117 0
0.537777 0.18687 0
0.583675 0.213667 0
0.620253 0.250636 0
0.644834 0.288853 0
0.670377 0.327144 0
0.675739 0.362288 0
0.681301 0.391356 0
10
0.175697 0.192369 0
0.183141 0.193759 0
0.235323 0.218257 0
0.299862 0.253835 0
0.351103 0.290095 0
0.423237 0.322592 0
0.477681 0.362693 0
0.550614 0.41749 0
0.584906 0.43787 0
0.619292 0.455303 0
15
0.197384 0.227092 0
0.216134 0.228759 0
0.23873 0.228625 0
0.269268 0.226905 0
0.331886 0.23644 0
0.392956 0.25847 0
0.476673 0.281318 0
0.562643 0.316266 0
0.636771 0.354631 0
0.697381 0.394053 0
0.743295 0.432627 0
0.76874 0.461475 0
0.794456 0.50547 0
0.799294 0.51803 0
0.803679 0.530984 0
11
0.209075 0.204242 0
0.221368 0.205839 0
0.236951 0.205647 0
0.282924 0.220584 0
0.359279 0.250181 0
0.46985 0.311256 0
0.529257 0.357499 0
0.554461 0.406971 0
0.589903 0.443774 0
0.618081 0.46392 0
0.634346 0.481324 0
15
0.2735 0.2693 0
0.2854 0.2719 0
0.2913 0.2719 0
0.3151 0.2746 0
0.327 0.2773 0
0.3448 0.2854 0
0.3984 0.3015 0
0.4697 0.3419 0
0.5054 0.3526 0
0.5708 0.3876 0
0.6065 0.4037 0
0.6362 0.4253 0
0.6719 0.4548 0
0.7016 0.4629 0
0.7254 0.4683 0
14
0.13875 0.231667 0
0.1413 0.2349 0
0.1514 0.2395 0
0.1716 0.2418 0
0.2069 0.2463 0
0.2624 0.2577 0
0.318 0.2692 0
0.4038 0.2897 0
0.4946 0.3194 0
0.5804 0.3513 0
0.6561 0.3924 0
0.7016 0.4335 0
0.7268 0.4701 0
0.7369 0.4952 0
10
0.212308 0.273474 0
0.218601 0.275164 0
0.240718 0.271878 0
0.281734 0.271142 0
0.334353 0.285658 0
0.452512 0.336054 0
0.539864 0.377332 0
0.589509 0.425389 0
0.643559 0.463591 0
0.662816 0.47654 0
22
0.163605 0.209727 0
0.165155 0.21016 0
0.174297 0.210738 0
0.184997 0.210738 0
0.197426 0.209094 0
0.209571 0.205467 0
0.236371 0.212767 0
0.25558 0.214631 0
0.29308 0.226831 0
0.330983 0.245453 0
0.37992 0.266241 0
0.41742 0.295341 0
0.468733 0.316118 0
0.50296 0.351813 0
0.54046 0.376013 0
0.556489 0.400525 0
0.593989 0.424725 0
0.612304 0.449173 0
0.630567 0.466197 0
0.641267 0.475897 0
0.651469 0.483523 0
0.659883 0.490331 0
9
0.226577 0.28235 0
0.243876 0.282219 0
0.341607 0.304935 0
0.468341 0.333267 0
0.595267 0.377189 0
0.698505 0.419148 0
0.865834 0.469297 0
0.900079 0.485872 0
0.911326 0.494187 0
15
0.231971 0.241039 0
0.243871 0.243639 0
0.249764 0.242536 0
0.270847 0.242244 0
0.279819 0.24048 0
0.291999 0.24463 0
0.341973 0.258377 0
0.413745 0.296251 0
0.447752 0.306194 0
0.506731 0.342449 0
0.538455 0.362334 0
0.565797 0.387671 0
0.599174 0.420817 0
0.628506 0.430934 0
0.650539 0.437821 0
14
0.131112 0.226469 0
0.13366 0.229499 0
0.143261 0.233549 0
0.162922 0.235028 0
0.197188 0.238801 0
0.252021 0.249768 0
0.307708 0.260804 0
0.393197 0.281165 0
0.482816 0.311095 0
0.567884 0.343691 0
0.643151 0.385479 0
0.688224 0.427249 0
0.713356 0.46422 0
0.723131 0.489594 0
22
0.169919 0.214023 0
0.171469 0.214456 0
0.180612 0.215202 0
0.191312 0.215202 0
0.204154 0.214014 0
0.216745 0.211065 0
0.243545 0.218365 0
0.263608 0.22083 0
0.301108 0.23303 0
0.339562 0.252009 0
0.388427 0.273181 0
0.425927 0.302281 0
0.477497 0.323174 0
0.512701 0.358678 0
0.550201 0.382878 0
0.566835 0.406814 0
0.604334 0.431014 0
0.623008 0.454894 0
0.641624 0.471363 0
0.652324 0.481063 0
0.662582 0.488383 0
0.671265 0.494965 0
29
0.17375 0.233333 0
0.1783 0.2397 0
0.1783 0.2397 0
0.1843 0.245 0
0.18875 0.256666 0
0.1975 0.27 0
0.2081 0.2854 0
0.21625 0.31 0
0.2319 0.3311 0
0.255699 0.358 0
0.2854 0.393 0
0.3092 0.4199 0
0.3389 0.4414 0
0.3686 0.4629 0
0.4103 0.4844 0
0.4578 0.500599 0
0.4935 0.514 0
0.547 0.5194 0
0.6005 0.5301 0
0.6422 0.5328 0
0.6838 0.5301 0
0.7254 0.5248 0
0.767 0.5194 0
0.7968 0.514 0
0.8146 0.5032 0
0.8503 0.4979 0
0.8681 0.4898 0
0.886 0.4844 0
0.8979 0.4737 0
18
0.0913266 0.208401 0
0.0947266 0.209468 0
0.0972227 0.210463 0
0.0961689 0.208809 0
0.126687 0.214893 0
0.152687 0.229492 0
0.188067 0.262289 0
0.23126 0.301857 0
0.276847 0.34722 0
0.335247 0.39122 0
0.379517 0.420059 0
0.42101 0.482323 0
0.46389 0.511026 0
0.50279 0.537426 0
0.527255 0.5631 0
0.545241 0.580019 0
0.558017 0.592947 0
0.558192 0.594785 0
12
0.304386 0.259309 0
0.304384 0.259025 0
0.309683 0.263552 0
0.338628 0.278601 0
0.360978 0.288282 0
0.401643 0.301175 0
0.478627 0.346028 0
0.500771 0.370552 0
0.541345 0.395728 0
0.576437 0.437092 0
0.587738 0.448733 0
0.599087 0.457737 0
25
0.107412 0.221086 0
0.111614 0.222419 0
0.11911 0.226798 0
0.12521 0.233865 0
0.13258 0.248447 0
0.14748 0.26718 0
0.163632 0.288866 0
0.187432 0.310366 0
0.231866 0.335042 0
0.273467 0.364642 0
0.313025 0.387517 0
0.360625 0.411717 0
0.402491 0.429094 0
0.443237 0.447568 0
0.490736 0.458268 0
0.528822 0.469775 0
0.570422 0.477775 0
0.609782 0.482606 0
0.645482 0.485306 0
0.673855 0.48201 0
0.697654 0.47671 0
0.720147 0.467963 0
0.721547 0.46253 0
0.725839 0.452999 0
0.724844 0.445737 0
14
0.105931 0.209333 0
0.108476 0.211695 0
0.116428 0.21393 0
0.134315 0.212703 0
0.165173 0.214081 0
0.217808 0.223621 0
0.273781 0.233125 0
0.358243 0.253027 0
0.443969 0.283719 0
0.526626 0.31861 0
0.600463 0.362663 0
0.644127 0.406644 0
0.669036 0.444838 0
0.67774 0.471114 0
8
0.136625 0.187059 0
0.155079 0.187057 0
0.206627 0.186759 0
0.349289 0.216269 0
0.532052 0.265819 0
0.655387 0.331502 0
0.708803 0.386767 0
0.717017 0.403949 0
9
0.319837 0.296348 0
0.324534 0.302379 0
0.454573 0.416256 0
0.483921 0.440414 0
0.533169 0.464333 0
0.580507 0.490114 0
0.660855 0.525596 0
0.728346 0.533992 0
0.777866 0.526771 0
15
0.209774 0.235523 0
0.228524 0.23719 0
0.251122 0.237386 0
0.282471 0.236559 0
0.345962 0.247425 0
0.408709 0.270634 0
0.493507 0.294183 0
0.579337 0.329886 0
0.65397 0.368476 0
0.716495 0.407523 0
0.763596 0.444969 0
0.789745 0.472702 0
0.816153 0.515609 0
0.821101 0.527567 0
0.826013 0.540078 0
9
0.114367 0.194811 0
0.139409 0.193933 0
0.296751 0.198979 0
0.419714 0.214972 0
0.546125 0.240423 0
0.677494 0.302981 0
0.731398 0.353998 0
0.759537 0.397472 0
0.763491 0.420328 0
14
0.13875 0.231667 0
0.1413 0.2349 0
0.1514 0.2395 0
0.1716 0.2418 0
0.2069 0.2463 0
0.2624 0.2577 0
0.318 0.2692 0
0.4038 0.2897 0
0.4946 0.3194 0
0.5804 0.3513 0
0.6561 0.3924 0
0.7016 0.4335 0
0.7268 0.4701 0
0.7369 0.4952 0
19
0.182748 0.207631 0
0.188748 0.207631 0
0.194645 0.212517 0
0.217179 0.205722 0
0.235078 0.211122 0
0.269314 0.217143 0
0.302396 0.231402 0
0.348306 0.254505 0
0.389906 0.273405 0
0.425826 0.317928 0
0.472637 0.352476 0
0.514237 0.390176 0
0.552845 0.42846 0
0.580692 0.467824 0
0.615293 0.504564 0
0.633193 0.531465 0
0.649911 0.562764 0
0.667539 0.587904 0
0.673866 0.602464 0
13
0.0755558 0.120538 0
0.0912511 0.124576 0
0.147007 0.126457 0
0.285004 0.129199 0
0.407676 0.147327 0
0.471747 0.160657 0
0.525503 0.176857 0
0.571029 0.203487 0
0.606198 0.240731 0
0.629907 0.279778 0
0.654933 0.31889 0
0.659785 0.354833 0
0.664879 0.38467 0
11
0.2175 0.218333 0
0.2259 0.2235 0
0.3032 0.2935 0
0.3805 0.3526 0
0.4757 0.4118 0
0.5708 0.4521 0
0.666 0.4898 0
0.8087 0.514 0
0.8444 0.5167 0
0.8919 0.514 0
0.9276 0.5032 0
8
0.13125 0.23 0
0.14375 0.231667 0
0.162062 0.236057 0
0.341488 0.262236 0
0.509338 0.288415 0
0.746643 0.366953 0
0.845038 0.419311 0
0.879766 0.482141 0
17
0.0662067 0.209814 0
0.0711077 0.212014 0
0.0760983 0.214868 0
0.0818417 0.2126 0
0.107072 0.210438 0
0.152982 0.213442 0
0.207282 0.233542 0
0.29067 0.263429 0
0.360374 0.295359 0
0.436746 0.327728 0
0.486362 0.358602 0
0.545562 0.392102 0
0.579126 0.417851 0
0.610106 0.445729 0
0.636239 0.464571 0
0.64559 0.478683 0
0.657752 0.492103 0
25
0.165776 0.350756 0
0.188926 0.355656 0
0.25077 0.371282 0
0.27812 0.384115 0
0.310908 0.402518 0
0.346608 0.421318 0
0.391178 0.4356 0
0.426878 0.4517 0
0.462663 0.463712 0
0.498363 0.482612 0
0.530311 0.490877 0
0.56001 0.493577 0
0.590198 0.496364 0
0.624147 0.49828 0
0.647947 0.50898 0
0.671003 0.512979 0
0.700703 0.510279 0
0.720388 0.514195 0
0.744188 0.511595 0
0.759648 0.510062 0
0.783348 0.507362 0
0.810744 0.508435 0
0.818494 0.504835 0
0.846063 0.499722 0
0.856135 0.495961 0
19
0.2021 0.2208 0
0.2081 0.2208 0
0.214 0.2262 0
0.2378 0.2208 0
0.255699 0.2262 0
0.2913 0.2343 0
0.327 0.2504 0
0.3746 0.2746 0
0.4162 0.2935 0
0.4519 0.3392 0
0.4995 0.3741 0
0.5411 0.4118 0
0.5827 0.4495 0
0.6124 0.4871 0
0.6481 0.522099 0
0.666 0.549 0
0.6838 0.5786 0
0.7016 0.6028 0
0.70875 0.616667 0
6
0.10049 0.153571 0
0.129459 0.152677 0
0.288207 0.157075 0
0.48212 0.165459 0
0.772454 0.29014 0
0.831296 0.413337 0
13
0.2438 0.1913 0
0.255699 0.1939 0
0.2735 0.1993 0
0.3211 0.2181 0
0.44 0.2881 0
0.547 0.3446 0
0.66 0.401 0
0.7492 0.4333 0
0.8325 0.4817 0
0.886 0.4979 0
0.9395 0.5194 0
0.9514 0.5194 0
0.9573 0.5167 0
12
0.259375 0.165048 0
0.265471 0.170068 0
0.288543 0.173996 0
0.384805 0.21035 0
0.47965 0.260774 0
0.581746 0.320437 0
0.660504 0.371212 0
0.767229 0.429972 0
0.82624 0.45406 0
0.8862 0.472624 0
0.93998 0.48284 0
0.960658 0.473682 0
13
0.126571 0.258008 0
0.132862 0.259325 0
0.198409 0.269602 0
0.282573 0.289202 0
0.375618 0.309492 0
0.484044 0.329028 0
0.635678 0.354133 0
0.715102 0.378715 0
0.80087 0.406002 0
0.820724 0.41969 0
0.836454 0.436013 0
0.845832 0.443815 0
0.855562 0.445626 0
9
0.197358 0.262466 0
0.214653 0.26156 0
0.308412 0.27903 0
0.431192 0.304583 0
0.555899 0.345072 0
0.653428 0.387381 0
0.817959 0.440192 0
0.848911 0.461962 0
0.858656 0.472743 0
8
0.15633 0.200468 0
0.174787 0.20099 0
0.229014 0.204229 0
0.376062 0.23673 0
0.559405 0.287837 0
0.687673 0.35113 0
0.743311 0.402891 0
0.752537 0.418411 0
7
0.178395 0.220888 0
0.225967 0.215508 0
0.440041 0.237026 0
0.582757 0.27737 0
0.767099 0.344611 0
0.820618 0.409162 0
0.835 0.445 0
29
0.122638 0.198551 0
0.127188 0.204918 0
0.127188 0.204918 0
0.13318 0.208861 0
0.13763 0.220527 0
0.143035 0.230178 0
0.153635 0.245578 0
0.158182 0.264684 0
0.173832 0.285784 0
0.190715 0.307823 0
0.220416 0.342823 0
0.239753 0.366827 0
0.269453 0.388327 0
0.299733 0.406718 0
0.341433 0.428218 0
0.388933 0.444417 0
0.42255 0.456886 0
0.47605 0.462286 0
0.521647 0.474531 0
0.563347 0.477231 0
0.600053 0.479188 0
0.641653 0.473888 0
0.680351 0.473088 0
0.710151 0.467688 0
0.725093 0.461375 0
0.760793 0.456075 0
0.778139 0.450458 0
0.796039 0.445058 0
0.805765 0.436188 0
9
0.105657 0.209141 0
0.117546 0.205783 0
0.167645 0.222782 0
0.265329 0.233838 0
0.447759 0.247018 0
0.639078 0.303803 0
0.755598 0.362578 0
0.812227 0.404707 0
0.816879 0.425658 0
16
0.39 0.3074 0
0.395 0.308333 0
0.4026 0.3102 0
0.4215 0.3131 0
0.434 0.3244 0
0.497 0.3671 0
0.522099 0.3842 0
0.5473 0.407 0
0.5725 0.424 0
0.5913 0.4497 0
0.6542 0.4895 0
0.6668 0.5037 0
0.6794 0.5151 0
0.6983 0.5265 0
0.7423 0.5521 0
0.7612 0.5549 0
12
0.16648 0.280805 0
0.179075 0.28278 0
0.195596 0.277371 0
0.230942 0.279329 0
0.28283 0.281717 0
0.33009 0.305344 0
0.417166 0.322492 0
0.512482 0.360544 0
0.634948 0.400717 0
0.727371 0.44375 0
0.800824 0.480907 0
0.862034 0.506645 0
13
0.13546 0.264057 0
0.141753 0.265611 0
0.207881 0.276528 0
0.292672 0.297083 0
0.38692 0.318219 0
0.496122 0.338259 0
0.647655 0.363904 0
0.727441 0.388648 0
0.814584 0.415667 0
0.835289 0.428544 0
0.851524 0.444068 0
0.861399 0.451089 0
0.871586 0.45215 0
5
0.22784 0.183116 0
0.264059 0.189339 0
0.544792 0.235326 0
0.793173 0.324696 0
0.917154 0.418697 0
18
0.0929266 0.20949 0
0.0963266 0.210557 0
0.098823 0.211594 0
0.0978739 0.210056 0
0.128505 0.216311 0
0.154505 0.23091 0
0.190101 0.26386 0
0.233434 0.303518 0
0.279003 0.348978 0
0.337403 0.392978 0
0.381738 0.421847 0
0.423478 0.484062 0
0.466511 0.512619 0
0.505411 0.539019 0
0.529967 0.56455 0
0.548043 0.581328 0
0.560833 0.594178 0
0.561076 0.595959 0
9
0.194112 0.179589 0
0.202608 0.1768 0
0.231879 0.168337 0
0.314698 0.171922 0
0.424101 0.185212 0
0.581394 0.250328 0
0.701757 0.311106 0
0.767802 0.397486 0
0.777272 0.436429 0
25
0.0685135 0.194615 0
0.0727155 0.195948 0
0.0802061 0.199294 0
0.0863061 0.206361 0
0.0911304 0.21814 0
0.10603 0.236873 0
0.11944 0.254379 0
0.14324 0.275879 0
0.18241 0.296855 0
0.224011 0.326455 0
0.260173 0.347125 0
0.307773 0.371325 0
0.35008 0.386337 0
0.389241 0.404102 0
0.43674 0.414802 0
0.468811 0.427484 0
0.510412 0.435484 0
0.546048 0.44386 0
0.581748 0.44656 0
0.607911 0.446764 0
0.631711 0.441464 0
0.652028 0.436133 0
0.653428 0.4307 0
0.657375 0.423058 0
0.654726 0.417189 0
23
0.167702 0.196531 0
0.172002 0.195531 0
0.173493 0.194992 0
0.173493 0.194992 0
0.169698 0.190812 0
0.175498 0.190812 0
0.171409 0.184579 0
0.16926 0.181663 0
0.180859 0.184263 0
0.204796 0.194076 0
0.227896 0.212476 0
0.286455 0.245549 0
0.307191 0.262791 0
0.359291 0.302091 0
0.379324 0.327444 0
0.414024 0.345744 0
0.42872 0.377229 0
0.445677 0.398148 0
0.475427 0.420781 0
0.505934 0.440873 0
0.529234 0.44774 0
0.546119 0.455757 0
0.561052 0.460434 0
10
0.244649 0.295482 0
0.250947 0.29803 0
0.275179 0.297076 0
0.322852 0.302891 0
0.378295 0.31924 0
0.497405 0.372193 0
0.589757 0.412493 0
0.644335 0.454693 0
0.700194 0.490055 0
0.721113 0.500275 0
16
0.377351 0.298792 0
0.382351 0.299725 0
0.389949 0.301257 0
0.408022 0.303245 0
0.41963 0.313186 0
0.480918 0.354683 0
0.504913 0.371066 0
0.530257 0.393096 0
0.555457 0.410096 0
0.573742 0.435566 0
0.634686 0.475748 0
0.646075 0.491101 0
0.657957 0.503639 0
0.676149 0.516149 0
0.720037 0.542364 0
0.738399 0.545617 0
10
0.184943 0.24747 0
0.202234 0.24868 0
0.222009 0.247607 0
0.240132 0.2474 0
0.281861 0.262834 0
0.384521 0.310995 0
0.445926 0.341377 0
0.50154 0.390159 0
0.533312 0.420956 0
0.60592 0.441074 0
8
0.104401 0.211729 0
0.116897 0.212683 0
0.131559 0.212253 0
0.305008 0.234357 0
0.472068 0.258413 0
0.702651 0.340209 0
0.79802 0.39734 0
0.831368 0.462436 0
25
0.095789 0.213176 0
0.099991 0.214509 0
0.107486 0.21858 0
0.113586 0.225647 0
0.120195 0.239391 0
0.135095 0.258124 0
0.150427 0.278561 0
0.174227 0.300061 0
0.217088 0.323631 0
0.258689 0.353231 0
0.297233 0.375448 0
0.344833 0.399648 0
0.38683 0.416318 0
0.427103 0.43458 0
0.474602 0.44528 0
0.51089 0.457138 0
0.55249 0.465138 0
0.590738 0.471028 0
0.626438 0.473728 0
0.65415 0.471478 0
0.67795 0.466179 0
0.699792 0.458452 0
0.701192 0.453019 0
0.705382 0.444053 0
0.703893 0.437207 0
12
0.221567 0.139319 0
0.227658 0.143336 0
0.248256 0.144539 0
0.341852 0.17683 0
0.431581 0.223658 0
0.530375 0.281179 0
0.608021 0.328964 0
0.708902 0.388867 0
0.764292 0.416401 0
0.822106 0.438367 0
0.873771 0.451902 0
0.892505 0.445935 0
18
0.2201 0.3074 0
0.2201 0.3074 0
0.2516 0.3131 0
0.2642 0.3188 0
0.2956 0.3244 0
0.346 0.3444 0
0.3774 0.3614 0
0.4152 0.3814 0
0.4466 0.3956 0
0.5095 0.4354 0
0.522099 0.4468 0
0.5536 0.4667 0
0.5725 0.481 0
0.6165 0.5123 0
0.6291 0.523599 0
0.6417 0.5322 0
0.6542 0.5379 0
0.6668 0.5436 0
10
0.209238 0.208508 0
0.221436 0.21092 0
0.257425 0.226737 0
0.31019 0.257736 0
0.382641 0.309721 0
0.486221 0.380762 0
0.551842 0.42809 0
0.592986 0.457658 0
0.641278 0.472511 0
0.67122 0.487228 0
7
0.261198 0.281049 0
0.27779 0.277284 0
0.298767 0.282996 0
0.350046 0.305327 0
0.440536 0.347256 0
0.571988 0.427813 0
0.617129 0.461073 0
7
0.222432 0.254669 0
0.236481 0.247081 0
0.249479 0.244939 0
0.297814 0.262716 0
0.38073 0.30511 0
0.50627 0.392687 0
0.547249 0.432622 0
11
0.212264 0.302067 0
0.224862 0.304659 0
0.24325 0.306995 0
0.280397 0.317452 0
0.335353 0.339063 0
0.436042 0.392686 0
0.498622 0.426643 0
0.54076 0.461794 0
0.578015 0.493798 0
0.615377 0.517187 0
0.627574 0.532149 0
18
0.0991887 0.227297 0
0.103489 0.228429 0
0.119583 0.229879 0
0.13324 0.229699 0
0.157515 0.23315 0
0.200415 0.25015 0
0.233069 0.270944 0
0.267442 0.288315 0
0.305449 0.317636 0
0.369749 0.351536 0
0.405789 0.382484 0
0.437753 0.415066 0
0.466524 0.442529 0
0.504024 0.464329 0
0.51799 0.484552 0
0.532087 0.499796 0
0.54247 0.508835 0
0.551746 0.514918 0
23
0.170743 0.198601 0
0.175043 0.197601 0
0.176535 0.197142 0
0.176535 0.197142 0
0.172938 0.193182 0
0.178738 0.193182 0
0.174864 0.187275 0
0.173127 0.184648 0
0.184726 0.187248 0
0.208929 0.197234 0
0.232029 0.215634 0
0.290553 0.248892 0
0.311412 0.26619 0
0.363512 0.30549 0
0.384016 0.33075 0
0.418716 0.34905 0
0.433703 0.380258 0
0.450833 0.400904 0
0.480583 0.423537 0
0.511259 0.443362 0
0.534559 0.450229 0
0.551472 0.458098 0
0.566534 0.462666 0
17
0.190938 0.195625 0
0.190938 0.195625 0
0.196832 0.202637 0
0.206051 0.215786 0
0.268564 0.267883 0
0.29272 0.290887 0
0.38192 0.347387 0
0.431944 0.371966 0
0.474009 0.388275 0
0.621039 0.452128 0
0.703806 0.464066 0
0.739506 0.472166 0
0.789084 0.483999 0
0.816558 0.487684 0
0.854517 0.481481 0
0.861504 0.479771 0
0.883461 0.467837 0
9
0.110887 0.2127 0
0.122777 0.209481 0
0.173586 0.227419 0
0.271978 0.238972 0
0.454806 0.252767 0
0.647146 0.309489 0
0.764167 0.367787 0
0.821386 0.408987 0
0.826307 0.429496 0
9
0.2315 0.2857 0
0.2488 0.2857 0
0.3472 0.3093 0
0.4746 0.3381 0
0.6019 0.3826 0
0.7061 0.4245 0
0.8739 0.4742 0
0.9087 0.4899 0
0.9202 0.4978 0
13
0.0440978 0.0991304 0
0.0597883 0.102333 0
0.113485 0.101948 0
0.249265 0.101309 0
0.36768 0.116445 0
0.429004 0.127992 0
0.483117 0.142278 0
0.527361 0.168335 0
0.557667 0.20653 0
0.578363 0.248444 0
0.601603 0.290386 0
0.604696 0.329091 0
0.608173 0.361582 0
6
0.144698 0.202138 0
0.169863 0.210675 0
0.270523 0.227748 0
0.547337 0.313115 0
0.754948 0.378563 0
0.912228 0.463929 0
10
0.188539 0.201108 0
0.195985 0.202839 0
0.249008 0.228262 0
0.31619 0.266442 0
0.368552 0.30343 0
0.441063 0.336942 0
0.497493 0.376655 0
0.572384 0.429126 0
0.607395 0.448379 0
0.642442 0.464728 0
16
0.373181 0.295954 0
0.378181 0.296887 0
0.385778 0.298308 0
0.403578 0.299996 0
0.414892 0.309488 0
0.475616 0.350589 0
0.499247 0.366735 0
0.524638 0.388513 0
0.549838 0.405513 0
0.567953 0.430906 0
0.628253 0.471214 0
0.639242 0.486947 0
0.650887 0.49986 0
0.668846 0.512737 0
0.712697 0.539154 0
0.730882 0.542556 0
11
0.34 0.288333 0
0.346 0.2903 0
0.3586 0.296 0
0.3837 0.3102 0
0.4718 0.3671 0
0.5662 0.4013 0
0.6605 0.4383 0
0.7549 0.4667 0
0.8304 0.4866 0
0.9059 0.5037 0
0.9499 0.5094 0
9
0.221987 0.279226 0
0.239285 0.278974 0
0.336392 0.300866 0
0.462505 0.328761 0
0.589082 0.372143 0
0.691424 0.414157 0
0.858313 0.464724 0
0.89204 0.482115 0
0.903051 0.490818 0
6
0.138407 0.179374 0
0.169863 0.182219 0
0.339726 0.196447 0
0.534755 0.207829 0
0.836734 0.324497 0
0.899646 0.441165 0
12
0.2812 0.1799 0
0.2873 0.1855 0
0.3118 0.191 0
0.4096 0.2297 0
0.507399 0.2822 0
0.6114 0.3431 0
0.6908 0.3956 0
0.8009 0.4537 0
0.862 0.4758 0
0.9232 0.4924 0
0.9782 0.5007 0
1 0.4897 0
22
0.238012 0.265361 0
0.243912 0.265361 0
0.25581 0.270508 0
0.25581 0.270508 0
0.267333 0.275491 0
0.290725 0.282969 0
0.332325 0.304469 0
0.361242 0.314718 0
0.444542 0.338918 0
0.485636 0.35199 0
0.521402 0.367738 0
0.592702 0.400038 0
0.628166 0.416133 0
0.662971 0.432408 0
0.734371 0.462008 0
0.757517 0.470635 0
0.781317 0.478635 0
0.834588 0.492656 0
0.852065 0.498464 0
0.875865 0.501164 0
0.887713 0.501445 0
0.899367 0.501652 0
13
0.248123 0.266744 0
0.254021 0.266543 0
0.259427 0.265997 0
0.282692 0.273283 0
0.305467 0.280662 0
0.334506 0.293633 0
0.423792 0.336272 0
0.465183 0.354934 0
0.505611 0.376663 0
0.564386 0.425753 0
0.593656 0.439935 0
0.611032 0.4567 0
0.640443 0.46814 0
12
0.3151 0.2666 0
0.3151 0.2666 0
0.3211 0.2719 0
0.3508 0.2881 0
0.3746 0.2988 0
0.4162 0.3123 0
0.4935 0.358 0
0.5173 0.3822 0
0.5589 0.4064 0
0.5946 0.4468 0
0.6065 0.4575 0
0.6184 0.4656 0
7
0.2262 0.1855 0
0.2506 0.191 0
0.4035 0.2435 0
0.5563 0.3237 0
0.7092 0.3984 0
0.8865 0.4869 0
0.9354 0.5173 0
19
0.196759 0.217165 0
0.202759 0.217165 0
0.208658 0.222423 0
0.232108 0.216638 0
0.250007 0.222038 0
0.285232 0.229564 0
0.320209 0.245156 0
0.367343 0.269054 0
0.408943 0.287954 0
0.444703 0.333329 0
0.492085 0.368131 0
0.533685 0.405831 0
0.57446 0.443693 0
0.603648 0.48178 0
0.639045 0.517259 0
0.656945 0.54416 0
0.674446 0.574229 0
0.692199 0.598689 0
0.699122 0.612747 0
18
0.160657 0.266948 0
0.160657 0.266948 0
0.192148 0.27107 0
0.200858 0.272487 0
0.228068 0.271698 0
0.278468 0.291698 0
0.301824 0.303044 0
0.334434 0.319676 0
0.366509 0.330261 0
0.429409 0.370061 0
0.439584 0.380377 0
0.461895 0.402073 0
0.475103 0.42179 0
0.519103 0.45309 0
0.528328 0.469738 0
0.537604 0.483558 0
0.549577 0.492146 0
0.559648 0.499974 0
8
0.24046 0.24457 0
0.252051 0.245665 0
0.290135 0.245214 0
0.386679 0.270141 0
0.523801 0.315063 0
0.72277 0.421897 0
0.791258 0.464041 0
0.84605 0.482242 0
11
0.195184 0.198612 0
0.19518 0.197953 0
0.217356 0.228365 0
0.263107 0.260698 0
0.340882 0.310731 0
0.454163 0.352222 0
0.572052 0.39757 0
0.708539 0.448981 0
0.74873 0.461914 0
0.789042 0.474893 0
0.829366 0.476987 0
25
0.130798 0.237 0
0.135 0.238333 0
0.1425 0.243333 0
0.1486 0.2504 0
0.1575 0.266667 0
0.1724 0.2854 0
0.1902 0.3096 0
0.214 0.3311 0
0.261599 0.358 0
0.3032 0.3876 0
0.3448 0.4118 0
0.3924 0.436 0
0.434 0.4548 0
0.4757 0.4737 0
0.523199 0.4844 0
0.5649 0.4952 0
0.6065 0.5032 0
0.6481 0.5059 0
0.6838 0.5086 0
0.7135 0.5032 0
0.7373 0.4979 0
0.7611 0.4871 0
0.7625 0.481667 0
0.767 0.471 0
0.767 0.4629 0
25
0.217352 0.208807 0
0.218902 0.20794 0
0.2211 0.206638 0
0.2308 0.207438 0
0.235562 0.206077 0
0.247363 0.206077 0
0.257931 0.201346 0
0.269831 0.206746 0
0.291074 0.204948 0
0.314873 0.202248 0
0.342924 0.198477 0
0.384624 0.198477 0
0.438338 0.205428 0
0.496967 0.213183 0
0.538668 0.229283 0
0.577346 0.243355 0
0.613046 0.259455 0
0.635037 0.277277 0
0.664737 0.293477 0
0.687464 0.313977 0
0.699364 0.327477 0
0.710207 0.342536 0
0.716107 0.353336 0
0.721939 0.364954 0
0.721135 0.376431 0
25
0.12 0.231667 0
0.1248 0.2343 0
0.1367 0.2343 0
0.1427 0.2397 0
0.1605 0.2424 0
0.1902 0.2585 0
0.2259 0.2773 0
0.2735 0.3015 0
0.3389 0.3338 0
0.3984 0.358 0
0.4638 0.3876 0
0.5173 0.4199 0
0.5649 0.4414 0
0.6124 0.4629 0
0.6422 0.479 0
0.6779 0.4952 0
0.6957 0.5032 0
0.70625 0.513333 0
0.70875 0.516667 0
0.7195 0.5194 0
0.7195 0.5194 0
0.7195 0.5194 0
0.7254 0.5167 0
0.7254 0.5167 0
0.7314 0.514 0
17
0.109805 0.239483 0
0.114706 0.241683 0
0.119703 0.245694 0
0.128299 0.246568 0
0.156603 0.249092 0
0.208413 0.256242 0
0.262713 0.276342 0
0.349907 0.3087 0
0.419116 0.343281 0
0.497266 0.376446 0
0.553623 0.406002 0
0.612823 0.439502 0
0.650561 0.461278 0
0.684017 0.485233 0
0.712588 0.500247 0
0.722325 0.512242 0
0.736343 0.5241 0
11
0.207766 0.299007 0
0.220364 0.301479 0
0.238457 0.303491 0
0.275288 0.313465 0
0.329242 0.334393 0
0.429982 0.387743 0
0.492379 0.421618 0
0.533391 0.457315 0
0.570391 0.489723 0
0.607501 0.513506 0
0.619467 0.528848 0
9
0.160468 0.226182 0
0.185517 0.226528 0
0.349125 0.239851 0
0.478327 0.260229 0
0.60824 0.291096 0
0.748615 0.353102 0
0.806933 0.399918 0
0.840268 0.435196 0
0.846592 0.454162 0
9
0.222903 0.199182 0
0.231403 0.197156 0
0.264588 0.193863 0
0.351303 0.200186 0
0.462893 0.216859 0
0.625811 0.28163 0
0.74893 0.339784 0
0.818221 0.421046 0
0.82917 0.457559 0
13
0.190706 0.155169 0
0.202597 0.15636 0
0.216924 0.157934 0
0.260781 0.171027 0
0.372496 0.235977 0
0.47486 0.289469 0
0.588463 0.34264 0
0.675499 0.373972 0
0.75059 0.423976 0
0.799006 0.445015 0
0.849492 0.471292 0
0.858422 0.475954 0
0.861593 0.477734 0
9
0.24125 0.211667 0
0.249753 0.210129 0
0.285432 0.210129 0
0.37463 0.218198 0
0.487613 0.237026 0
0.654116 0.301577 0
0.778992 0.358059 0
0.85035 0.436059 0
0.862243 0.471024 0
10
0.2579 0.3045 0
0.2642 0.3074 0
0.2893 0.3074 0
0.3397 0.3159 0
0.3963 0.333 0
0.5158 0.387 0
0.6102 0.4269 0
0.6668 0.4667 0
0.7234 0.500899 0
0.745 0.51 0
14
0.110882 0.212703 0
0.113428 0.215196 0
0.121704 0.217788 0
0.13994 0.217092 0
0.171468 0.218942 0
0.224535 0.228763 0
0.280452 0.238568 0
0.365116 0.25856 0
0.451607 0.289102 0
0.534739 0.323541 0
0.608856 0.367149 0
0.652798 0.410696 0
0.677751 0.448649 0
0.686665 0.474747 0
11
0.2506 0.2325 0
0.2629 0.2352 0
0.2812 0.238 0
0.3301 0.2574 0
0.4157 0.2933 0
0.5258 0.3569 0
0.5869 0.4039 0
0.6225 0.448333 0
0.6603 0.4814 0
0.6908 0.4979 0
0.7092 0.5118 0
13
0.255699 0.2719 0
0.261599 0.2719 0
0.2675 0.2719 0
0.2913 0.28 0
0.3151 0.2881 0
0.3448 0.3015 0
0.434 0.3446 0
0.4757 0.3634 0
0.5173 0.3849 0
0.5768 0.4333 0
0.6065 0.4468 0
0.6243 0.4629 0
0.6541 0.4737 0
17
0.181155 0.230628 0
0.186605 0.231528 0
0.186951 0.229907 0
0.190975 0.227951 0
0.22376 0.235534 0
0.277988 0.256452 0
0.312688 0.274852 0
0.391418 0.317814 0
0.420626 0.334463 0
0.442619 0.357468 0
0.495623 0.398821 0
0.502123 0.405488 0
0.534273 0.444629 0
0.544282 0.460104 0
0.571764 0.475587 0
0.583023 0.484806 0
0.591069 0.495078 0
18
0.192288 0.288473 0
0.192288 0.288473 0
0.223784 0.293435 0
0.234564 0.297131 0
0.264003 0.299742 0
0.314403 0.319742 0
0.342039 0.334096 0
0.377411 0.35252 0
0.409127 0.365029 0
0.472027 0.404829 0
0.483492 0.415722 0
0.510693 0.436462 0
0.52693 0.453297 0
0.57093 0.484597 0
0.581951 0.498398 0
0.592995 0.509441 0
0.605249 0.516492 0
0.616665 0.523188 0
9
0.280987 0.26991 0
0.285679 0.274909 0
0.410436 0.381812 0
0.434527 0.402275 0
0.480824 0.421629 0
0.520572 0.447876 0
0.5972 0.486899 0
0.660312 0.502201 0
0.707835 0.498259 0
13
0.1068 0.1418 0
0.1225 0.146667 0
0.1803 0.1508 0
0.3205 0.1569 0
0.4474 0.178 0
0.514199 0.1931 0
0.5676 0.2112 0
0.6144 0.2384 0
0.6544 0.2747 0
0.6811 0.3109 0
0.7079 0.3472 0
0.7145 0.3804 0
0.7212 0.4076 0
9
0.335 0.306667 0
0.3397 0.3131 0
0.4718 0.4297 0
0.5032 0.4553 0
0.5536 0.481 0
0.6039 0.5066 0
0.6857 0.5407 0
0.7549 0.5464 0
0.8052 0.5379 0
11
0.2201 0.3074 0
0.2327 0.3102 0
0.2516 0.3131 0
0.2893 0.3244 0
0.346 0.3472 0
0.4466 0.4013 0
0.5095 0.4354 0
0.5536 0.4696 0
0.5913 0.500899 0
0.6291 0.523599 0
0.6417 0.5379 0
8
0.166131 0.207138 0
0.184589 0.207919 0
0.240148 0.212918 0
0.389379 0.246907 0
0.57301 0.298789 0
0.703731 0.360892 0
0.760474 0.410911 0
0.770204 0.425604 0
17
0.211412 0.158983 0
0.221412 0.160649 0
0.241809 0.16229 0
0.264829 0.17177 0
0.318342 0.197204 0
0.358289 0.214498 0
0.449989 0.272598 0
0.484847 0.304603 0
0.582987 0.35582 0
0.618727 0.388636 0
0.701067 0.427973 0
0.743867 0.447373 0
0.790748 0.476895 0
0.83235 0.487092 0
0.873971 0.497244 0
0.898284 0.501068 0
0.927987 0.499023 0
18
0.135 0.251667 0
0.1393 0.252799 0
0.1554 0.2552 0
0.1714 0.2576 0
0.1982 0.2649 0
0.2411 0.2819 0
0.2786 0.3061 0
0.3161 0.3255 0
0.3537 0.357 0
0.418 0.3909 0
0.4555 0.4225 0
0.493 0.454 0
0.5252 0.4782 0
0.5627 0.5 0
0.5787 0.517 0
0.5948 0.5291 0
0.6055 0.5364 0
0.6163 0.5412 0
15
0.22125 0.243333 0
0.24 0.245 0
0.2626 0.2455 0
0.2947 0.2455 0
0.359 0.2576 0
0.4233 0.2819 0
0.5091 0.3061 0
0.5948 0.3425 0
0.6699 0.3813 0
0.7342 0.42 0
0.7824 0.4564 0
0.8092 0.4831 0
0.83625 0.525 0
0.8413 0.5364 0
0.8467 0.5485 0
18
0.1166 0.2256 0
0.12 0.226667 0
0.1225 0.228333 0
0.1231 0.2285 0
0.1554 0.2373 0
0.1814 0.251899 0
0.2202 0.2871 0
0.2656 0.3281 0
0.3109 0.375 0
0.3693 0.419 0
0.4146 0.4483 0
0.46 0.5098 0
0.5053 0.5362 0
0.5442 0.5626 0
0.5701 0.586 0
0.5895 0.6007 0
0.6025 0.6124 0
0.60375 0.613333 0
