10
0.877779 0.514242 2
0.870758 0.51707 2
0.84429 0.511095 2
0.791444 0.502651 2
0.722895 0.485106 2
0.59991 0.446688 2
0.476422 0.400319 2
0.33773 0.3018 2
0.250987 0.228773 2
0.214057 0.179817 2
22
0.756219 0.553729 2
0.742819 0.550729 2
0.736157 0.550731 2
0.722757 0.550731 2
0.702619 0.547706 2
0.682397 0.541617 2
0.655697 0.529517 2
0.622155 0.511396 2
0.575455 0.496296 2
0.528571 0.460033 2
0.488599 0.429679 2
0.441799 0.393479 2
0.401625 0.360164 2
0.368554 0.320906 2
0.348554 0.293706 2
0.322187 0.26661 2
0.302187 0.24251 2
0.282698 0.224459 2
0.263438 0.212571 2
0.256738 0.203471 2
0.25047 0.194459 2
0.237546 0.182428 2
13
1 0.51 2
0.999 0.5089 2
0.99 0.5076 2
0.9843 0.5062 2
0.9354 0.5035 2
0.8804 0.4952 2
0.7642 0.4703 2
0.7153 0.4592 2
0.6419 0.4288 2
0.538 0.3735 2
0.4463 0.2961 2
0.3729 0.2435 2
0.324 0.2159 2
13
0.780147 0.467368 2
0.784599 0.467409 2
0.775771 0.47466 2
0.749902 0.474901 2
0.700495 0.471849 2
0.617666 0.457366 2
0.496786 0.43269 2
0.385162 0.393479 2
0.282355 0.347303 2
0.214444 0.312862 2
0.16991 0.282139 2
0.157197 0.263688 2
0.169068 0.251823 2
15
0.609611 0.467468 2
0.598011 0.464868 2
0.585241 0.464904 2
0.565312 0.464427 2
0.545595 0.456836 2
0.525498 0.451144 2
0.46031 0.418543 2
0.420348 0.399222 2
0.349439 0.360343 2
0.326783 0.337645 2
0.26361 0.289806 2
0.252113 0.27175 2
0.208264 0.237177 2
0.193262 0.231039 2
0.183105 0.212148 2
22
0.594622 0.621725 2
0.594622 0.621725 2
0.587929 0.621749 2
0.593829 0.621749 2
0.580148 0.618725 2
0.566678 0.613467 2
0.548878 0.605467 2
0.51135 0.586302 2
0.48165 0.567502 2
0.444875 0.545188 2
0.415539 0.517596 2
0.373839 0.485296 2
0.337284 0.44892 2
0.311715 0.411763 2
0.282015 0.371463 2
0.262502 0.335092 2
0.250602 0.297392 2
0.234664 0.275119 2
0.232285 0.25236 2
0.226385 0.23626 2
0.214139 0.223886 2
0.201079 0.212786 2
10
0.9415 0.5145 2
0.9476 0.5173 2
0.9354 0.5228 2
0.9171 0.5228 2
0.8253 0.5062 2
0.6969 0.4648 2
0.5747 0.4233 2
0.483 0.368 2
0.3912 0.3154 2
0.3057 0.2546 2
11
0.963868 0.494444 2
0.963655 0.50015 2
0.937978 0.508564 2
0.880957 0.514302 2
0.810978 0.499812 2
0.722976 0.488227 2
0.59062 0.447931 2
0.517404 0.417133 2
0.444012 0.38355 2
0.352166 0.329836 2
0.336153 0.304431 2
25
0.782711 0.567265 2
0.782711 0.567265 2
0.78753 0.562383 2
0.78213 0.557583 2
0.780826 0.552446 2
0.775526 0.545246 2
0.763576 0.53565 2
0.742176 0.52595 2
0.697937 0.511155 2
0.655137 0.496655 2
0.606049 0.476659 2
0.557849 0.454859 2
0.509916 0.422853 2
0.455617 0.392671 2
0.396617 0.358671 2
0.346116 0.327569 2
0.287216 0.298469 2
0.252856 0.280042 2
0.220656 0.265542 2
0.199615 0.254854 2
0.183515 0.242754 2
0.174489 0.238909 2
0.174489 0.236509 2
0.178557 0.237334 2
0.187402 0.237041 2
17
0.897222 0.489522 2
0.903522 0.489522 2
0.896659 0.483838 2
0.901696 0.486409 2
0.881783 0.48651 2
0.861586 0.486321 2
0.792386 0.480621 2
0.747523 0.474344 2
0.697482 0.459654 2
0.640204 0.450106 2
0.529905 0.399291 2
0.467005 0.393591 2
0.413447 0.368834 2
0.356123 0.361701 2
0.249677 0.331423 2
0.203218 0.320822 2
0.181551 0.309138 2
22
0.896173 0.446701 2
0.896173 0.446701 2
0.90463 0.449436 2
0.88893 0.452236 2
0.886363 0.45727 2
0.878001 0.460274 2
0.859701 0.468574 2
0.844766 0.470891 2
0.801966 0.470891 2
0.782116 0.469719 2
0.758141 0.466022 2
0.703141 0.460422 2
0.677265 0.450093 2
0.585563 0.423177 2
0.567263 0.417677 2
0.475642 0.366992 2
0.451142 0.344892 2
0.382972 0.275769 2
0.341694 0.244646 2
0.268294 0.189346 2
0.2458 0.174369 2
0.209975 0.143393 2
17
0.874982 0.481332 2
0.881282 0.481332 2
0.87415 0.475657 2
0.87858 0.478118 2
0.858133 0.478266 2
0.837314 0.477987 2
0.768114 0.472287 2
0.722885 0.465734 2
0.672968 0.450808 2
0.615366 0.440758 2
0.506506 0.390128 2
0.443606 0.384428 2
0.391506 0.360123 2
0.336857 0.353645 2
0.23365 0.323858 2
0.189079 0.31364 2
0.169059 0.30182 2
22
0.7613 0.5556 2
0.7479 0.5526 2
0.7413 0.5526 2
0.7279 0.5526 2
0.7079 0.5496 2
0.6878 0.5435 2
0.6611 0.5314 2
0.6277 0.5133 2
0.581 0.4982 2
0.5342 0.462 2
0.4942 0.4317 2
0.4474 0.3955 2
0.4073 0.3623 2
0.3739 0.323 2
0.3539 0.2958 2
0.3272 0.2686 2
0.3072 0.2445 2
0.2871 0.2263 2
0.2671 0.2143 2
0.2604 0.2052 2
0.2537 0.1961 2
0.2404 0.1841 2
13
0.990156 0.506375 2
0.989037 0.505279 2
0.979769 0.50393 2
0.973833 0.502551 2
0.924657 0.499811 2
0.869495 0.491389 2
0.75335 0.466385 2
0.704306 0.455062 2
0.631543 0.424744 2
0.528289 0.369644 2
0.437773 0.292534 2
0.365806 0.240151 2
0.318471 0.212661 2
9
0.86819 0.505989 2
0.880083 0.49523 2
0.891976 0.465645 2
0.856297 0.433369 2
0.796832 0.379576 2
0.701688 0.341921 2
0.576811 0.298887 2
0.392469 0.253163 2
0.285432 0.215508 2
25
0.608728 0.4798 2
0.614728 0.4798 2
0.601701 0.479834 2
0.589801 0.479834 2
0.575372 0.479375 2
0.551572 0.471275 2
0.519642 0.466176 2
0.489942 0.452676 2
0.451645 0.438899 2
0.415945 0.428099 2
0.372817 0.408144 2
0.337117 0.389344 2
0.296035 0.369461 2
0.270878 0.348563 2
0.241078 0.327063 2
0.217388 0.314335 2
0.163888 0.290135 2
0.152178 0.284023 2
0.140278 0.265123 2
0.127646 0.25176 2
0.115746 0.23826 2
0.117371 0.229607 2
0.117371 0.224207 2
0.119261 0.220407 2
0.126136 0.214439 2
11
0.9814 0.5009 2
0.9814 0.5066 2
0.9562 0.5151 2
0.8996 0.5208 2
0.8304 0.5066 2
0.7423 0.4952 2
0.6102 0.4553 2
0.5347 0.424 2
0.4592 0.3899 2
0.3648 0.3358 2
0.346 0.3102 2
11
0.698702 0.506142 2
0.698427 0.50895 2
0.673308 0.508838 2
0.611663 0.495087 2
0.567855 0.472612 2
0.512982 0.441872 2
0.45765 0.399959 2
0.411608 0.367409 2
0.353237 0.321078 2
0.283143 0.271779 2
0.274551 0.255431 2
7
0.803043 0.421607 2
0.793443 0.415531 2
0.776494 0.395453 2
0.712668 0.35368 2
0.559597 0.289879 2
0.42422 0.248534 2
0.235912 0.197254 2
15
0.695865 0.499231 2
0.684265 0.496631 2
0.672541 0.496635 2
0.654962 0.496584 2
0.637317 0.488806 2
0.619631 0.483465 2
0.555862 0.451938 2
0.515419 0.433529 2
0.44577 0.396598 2
0.417532 0.373183 2
0.348703 0.323591 2
0.326834 0.302993 2
0.270424 0.266518 2
0.248094 0.258895 2
0.231551 0.240532 2
13
0.994214 0.507869 2
0.993144 0.506772 2
0.983987 0.505443 2
0.978148 0.504056 2
0.929086 0.501332 2
0.873991 0.49296 2
0.757823 0.467999 2
0.708839 0.456768 2
0.635813 0.426416 2
0.532292 0.371234 2
0.441288 0.294004 2
0.368731 0.241532 2
0.32075 0.213996 2
9
0.593523 0.448832 2
0.580069 0.44607 2
0.538071 0.440283 2
0.486281 0.412163 2
0.411856 0.384883 2
0.264136 0.300507 2
0.191415 0.263908 2
0.157801 0.233234 2
0.162036 0.223382 2
11
0.936151 0.525012 2
0.923994 0.52232 2
0.893718 0.514215 2
0.86941 0.519661 2
0.809071 0.505812 2
0.737789 0.494788 2
0.66018 0.47281 2
0.544035 0.398116 2
0.439479 0.344939 2
0.329559 0.267406 2
0.243821 0.19774 2
6
0.815432 0.423651 2
0.804835 0.417459 2
0.772186 0.407355 2
0.626499 0.352507 2
0.48404 0.293415 2
0.347495 0.225902 2
7
0.862643 0.443554 2
0.85539 0.437751 2
0.841538 0.417786 2
0.778361 0.377386 2
0.622303 0.314435 2
0.475851 0.270122 2
0.269388 0.216867 2
6
0.865576 0.442116 2
0.856953 0.436154 2
0.827735 0.426769 2
0.682501 0.373584 2
0.527479 0.311578 2
0.375659 0.242403 2
18
0.779718 0.435953 2
0.779718 0.435953 2
0.778715 0.435983 2
0.764863 0.432974 2
0.745478 0.425254 2
0.693378 0.409554 2
0.662166 0.398718 2
0.591306 0.371589 2
0.551267 0.354914 2
0.510767 0.339214 2
0.440059 0.311246 2
0.40491 0.301434 2
0.358232 0.282114 2
0.311932 0.271714 2
0.258274 0.253151 2
0.241315 0.247174 2
0.225239 0.240698 2
0.19086 0.227092 2
5
0.785889 0.439026 2
0.732347 0.422662 2
0.615705 0.395904 2
0.436313 0.323854 2
0.262258 0.243684 2
27
0.679778 0.440036 2
0.679778 0.442736 2
0.678936 0.442761 2
0.673036 0.445461 2
0.671145 0.447818 2
0.659245 0.450518 2
0.645678 0.455968 2
0.621878 0.458668 2
0.584237 0.461086 2
0.548537 0.466486 2
0.493895 0.460223 2
0.458195 0.454823 2
0.411082 0.443388 2
0.357482 0.432588 2
0.314868 0.41762 2
0.279168 0.40142 2
0.24806 0.385897 2
0.21826 0.367097 2
0.193113 0.346908 2
0.157413 0.322708 2
0.141961 0.300554 2
0.136061 0.276354 2
0.134271 0.259084 2
0.116471 0.240284 2
0.110468 0.22798 2
0.104468 0.21998 2
0.109607 0.211455 2
10
0.868519 0.506255 2
0.873959 0.506278 2
0.853455 0.508868 2
0.818703 0.505849 2
0.717073 0.485171 2
0.628408 0.451795 2
0.519157 0.415315 2
0.411287 0.384332 2
0.3197 0.340111 2
0.18495 0.301006 2
14
0.825604 0.449686 2
0.819428 0.452397 2
0.795384 0.446944 2
0.77154 0.439211 2
0.683873 0.412885 2
0.642763 0.3942 2
0.544536 0.351972 2
0.497783 0.335571 2
0.395689 0.304429 2
0.362922 0.291959 2
0.268249 0.266673 2
0.249663 0.256856 2
0.234896 0.24959 2
0.20829 0.2389 2
21
0.736123 0.562716 2
0.736123 0.560316 2
0.730652 0.555421 2
0.725252 0.553021 2
0.714169 0.548152 2
0.692431 0.540882 2
0.660231 0.531182 2
0.622337 0.516525 2
0.573906 0.49945 2
0.525606 0.47515 2
0.456084 0.445901 2
0.402279 0.416583 2
0.353979 0.387483 2
0.31739 0.3633 2
0.275413 0.339386 2
0.254013 0.319986 2
0.234305 0.298601 2
0.220255 0.281911 2
0.209555 0.264911 2
0.200051 0.253054 2
0.195693 0.250568 2
11
0.7214 0.5145 2
0.7214 0.5173 2
0.6969 0.5173 2
0.6358 0.5035 2
0.593 0.4814 2
0.538 0.4509 2
0.483 0.4095 2
0.434 0.3763 2
0.3729 0.3293 2
0.2995 0.2795 2
0.2873 0.2629 2
10
0.86082 0.457036 2
0.848357 0.454241 2
0.82359 0.448674 2
0.767789 0.432049 2
0.663667 0.395981 2
0.516845 0.334634 2
0.407618 0.298846 2
0.306223 0.274617 2
0.240886 0.252815 2
0.206329 0.216964 2
10
0.832204 0.492882 2
0.837205 0.492918 2
0.815711 0.495329 2
0.779072 0.492242 2
0.676844 0.471112 2
0.587851 0.436531 2
0.480951 0.400353 2
0.379828 0.371178 2
0.29353 0.327758 2
0.164553 0.289056 2
25
0.7016 0.514 2
0.7076 0.514 2
0.6957 0.514 2
0.6838 0.514 2
0.6719 0.514 2
0.6481 0.5059 2
0.6184 0.5006 2
0.5887 0.4871 2
0.553 0.4737 2
0.5173 0.4629 2
0.4757 0.4441 2
0.44 0.4253 2
0.3984 0.4064 2
0.3746 0.3876 2
0.3448 0.3661 2
0.3151 0.3526 2
0.2616 0.3284 2
0.2438 0.3204 2
0.2319 0.3015 2
0.2081 0.2854 2
0.1962 0.2719 2
0.1843 0.2612 2
0.1843 0.2558 2
0.1783 0.2504 2
0.1783 0.245 2
9
0.841077 0.489399 2
0.840885 0.481755 2
0.811886 0.446012 2
0.755067 0.417898 2
0.681605 0.384385 2
0.620385 0.35356 2
0.53686 0.328383 2
0.462144 0.288399 2
0.374461 0.265626 2
24
0.9217 0.4871 2
0.9217 0.4898 2
0.9157 0.4952 2
0.8979 0.4952 2
0.8741 0.4979 2
0.8325 0.5032 2
0.7849 0.5006 2
0.7254 0.4925 2
0.666 0.4817 2
0.6124 0.471 2
0.547 0.4548 2
0.4876 0.4387 2
0.4281 0.4172 2
0.3746 0.401 2
0.327 0.3795 2
0.2735 0.358 2
0.2259 0.3365 2
0.1962 0.315 2
0.1962 0.2961 2
0.1605 0.2773 2
0.1486 0.2612 2
0.1427 0.2504 2
0.1367 0.2397 2
0.1308 0.2343 2
12
0.642682 0.465491 2
0.629131 0.468228 2
0.620219 0.467718 2
0.599441 0.459642 2
0.559855 0.448222 2
0.472557 0.410938 2
0.404325 0.371615 2
0.368204 0.353072 2
0.301673 0.308171 2
0.271284 0.269713 2
0.225116 0.227788 2
0.211025 0.206834 2
9
0.856915 0.495231 2
0.856915 0.487581 2
0.828727 0.451882 2
0.772351 0.423833 2
0.699062 0.390684 2
0.637048 0.360085 2
0.552484 0.334586 2
0.473558 0.293787 2
0.383357 0.270838 2
15
0.636941 0.466568 2
0.631141 0.463968 2
0.618773 0.463992 2
0.582347 0.455878 2
0.546126 0.442916 2
0.492254 0.419058 2
0.462212 0.40517 2
0.427865 0.3862 2
0.35174 0.345468 2
0.32104 0.325095 2
0.249995 0.292383 2
0.234413 0.27585 2
0.20314 0.253747 2
0.197023 0.246938 2
0.190113 0.228251 2
22
0.9904 0.4814 2
0.9904 0.4814 2
1 0.4841 2
0.9843 0.4869 2
0.9843 0.4924 2
0.9782 0.4952 2
0.9599 0.5035 2
0.9476 0.5062 2
0.9048 0.5062 2
0.8865 0.5062 2
0.862 0.5035 2
0.807 0.4979 2
0.7825 0.4897 2
0.6847 0.462 2
0.6664 0.4565 2
0.5686 0.4039 2
0.5441 0.3818 2
0.4646 0.3099 2
0.4096 0.2767 2
0.3362 0.2214 2
0.3057 0.2048 2
0.2629 0.1744 2
25
0.8306 0.5849 2
0.8306 0.5849 2
0.836 0.58 2
0.8306 0.5752 2
0.8306 0.5703 2
0.8253 0.5631 2
0.8145 0.5534 2
0.7931 0.5437 2
0.7502 0.5291 2
0.7074 0.5146 2
0.6591 0.4952 2
0.6109 0.4734 2
0.5627 0.4419 2
0.5091 0.4128 2
0.4501 0.3788 2
0.3965 0.3473 2
0.3376 0.3182 2
0.3001 0.2988 2
0.2679 0.2843 2
0.2411 0.2722 2
0.225 0.2601 2
0.209 0.2552 2
0.209 0.2528 2
0.209 0.2528 2
0.2143 0.2528 2
13
0.827179 0.50573 2
0.826752 0.508443 2
0.825792 0.510869 2
0.819147 0.508345 2
0.760262 0.489802 2
0.672882 0.452764 2
0.603579 0.420991 2
0.504664 0.388796 2
0.368044 0.354988 2
0.277753 0.326904 2
0.224088 0.307042 2
0.188718 0.289519 2
0.176917 0.27681 2
22
0.630444 0.634916 2
0.630444 0.634916 2
0.624186 0.634927 2
0.630086 0.634927 2
0.617381 0.632081 2
0.604771 0.626745 2
0.586971 0.618745 2
0.550445 0.599725 2
0.520745 0.580925 2
0.484559 0.559057 2
0.455023 0.531844 2
0.413323 0.499545 2
0.377292 0.463977 2
0.349404 0.426523 2
0.319704 0.386223 2
0.297842 0.349123 2
0.285942 0.311423 2
0.265696 0.288094 2
0.258101 0.264546 2
0.252201 0.248446 2
0.236912 0.235455 2
0.221199 0.224574 2
21
0.638161 0.526642 2
0.638161 0.524242 2
0.631502 0.519383 2
0.626102 0.516983 2
0.61235 0.511629 2
0.58826 0.504572 2
0.55606 0.494872 2
0.515428 0.479817 2
0.465384 0.461523 2
0.417084 0.437223 2
0.348109 0.406937 2
0.292873 0.375407 2
0.244573 0.346307 2
0.214323 0.322938 2
0.17877 0.301015 2
0.15737 0.281615 2
0.149442 0.263118 2
0.149658 0.248587 2
0.138958 0.231587 2
0.137777 0.221417 2
0.140671 0.218331 2
24
0.798415 0.470283 2
0.798415 0.467583 2
0.797064 0.467624 2
0.802964 0.470324 2
0.80593 0.472473 2
0.79403 0.475173 2
0.785356 0.472715 2
0.773456 0.464615 2
0.734642 0.450762 2
0.703109 0.435876 2
0.679309 0.427876 2
0.59673 0.399798 2
0.56693 0.375598 2
0.511803 0.364982 2
0.464303 0.348882 2
0.376311 0.320207 2
0.330115 0.311672 2
0.288515 0.295572 2
0.218609 0.274655 2
0.188909 0.258455 2
0.18723 0.25821 2
0.15753 0.24211 2
0.166993 0.238628 2
0.169338 0.232647 2
27
0.700499 0.447666 2
0.700499 0.450366 2
0.699908 0.450384 2
0.694009 0.453084 2
0.692682 0.455543 2
0.680782 0.458243 2
0.667713 0.463649 2
0.643913 0.466349 2
0.606851 0.468851 2
0.571151 0.474251 2
0.51685 0.468245 2
0.48115 0.462845 2
0.433921 0.45163 2
0.380321 0.44083 2
0.33801 0.42633 2
0.30231 0.41013 2
0.269861 0.394434 2
0.240061 0.375634 2
0.213555 0.355024 2
0.177855 0.330824 2
0.159911 0.30806 2
0.154011 0.28386 2
0.149203 0.266133 2
0.131403 0.247333 2
0.123641 0.234672 2
0.117641 0.226672 2
0.121246 0.218274 2
25
0.66626 0.500986 2
0.67226 0.500986 2
0.659932 0.500999 2
0.648032 0.500999 2
0.635169 0.500825 2
0.611369 0.492725 2
0.58082 0.487501 2
0.55112 0.474001 2
0.514432 0.460457 2
0.478732 0.449657 2
0.436551 0.430418 2
0.400851 0.411618 2
0.359448 0.392344 2
0.335132 0.372746 2
0.305332 0.351246 2
0.277919 0.338039 2
0.224419 0.313839 2
0.208936 0.306558 2
0.197036 0.287658 2
0.177486 0.272599 2
0.165586 0.259099 2
0.158832 0.249178 2
0.158832 0.243778 2
0.155834 0.238987 2
0.158451 0.233371 2
11
0.913317 0.516604 2
0.900884 0.51392 2
0.869986 0.505702 2
0.84513 0.511197 2
0.783776 0.496972 2
0.712621 0.485706 2
0.634679 0.463213 2
0.521509 0.389172 2
0.419698 0.336669 2
0.313103 0.259638 2
0.230996 0.190227 2
22
0.772694 0.55047 2
0.778994 0.55047 2
0.772452 0.547577 2
0.759952 0.547577 2
0.75941 0.544679 2
0.740032 0.541822 2
0.714832 0.541822 2
0.657676 0.538941 2
0.613676 0.527541 2
0.588148 0.518793 2
0.563059 0.504382 2
0.525359 0.490082 2
0.480968 0.452633 2
0.463456 0.435798 2
0.438256 0.424398 2
0.408162 0.410603 2
0.370362 0.382103 2
0.353856 0.36559 2
0.344254 0.351828 2
0.344254 0.337628 2
0.339646 0.315171 2
0.334819 0.306549 2
9
0.803672 0.482231 2
0.814783 0.471495 2
0.823369 0.441731 2
0.785886 0.409193 2
0.725719 0.353914 2
0.633808 0.315338 2
0.513162 0.273616 2
0.345974 0.231216 2
0.249194 0.194277 2
11
0.7092 0.5035 2
0.7031 0.5007 2
0.6908 0.5007 2
0.648 0.4924 2
0.5869 0.462 2
0.5258 0.4343 2
0.4463 0.3929 2
0.3729 0.3431 2
0.3179 0.2933 2
0.2323 0.2491 2
0.2139 0.2269 2
18
0.8624 0.4664 2
0.8624 0.4664 2
0.8624 0.4664 2
0.8508 0.4638 2
0.8334 0.4559 2
0.7813 0.4402 2
0.7524 0.4297 2
0.6829 0.4036 2
0.6424 0.3878 2
0.6019 0.3721 2
0.5324 0.346 2
0.4919 0.3355 2
0.4398 0.3145 2
0.3935 0.3041 2
0.3299 0.2831 2
0.3009 0.2753 2
0.2778 0.2674 2
0.2373 0.2543 2
11
0.605418 0.465283 2
0.59806 0.462521 2
0.582933 0.462008 2
0.537641 0.453933 2
0.471932 0.42182 2
0.41141 0.393022 2
0.330394 0.349277 2
0.270516 0.30245 2
0.227995 0.255709 2
0.157509 0.213796 2
0.155608 0.192749 2
8
0.871944 0.412631 2
0.865087 0.404112 2
0.843827 0.389754 2
0.810302 0.366222 2
0.728096 0.324839 2
0.570592 0.257879 2
0.343908 0.203368 2
0.250653 0.169738 2
13
0.738521 0.456268 2
0.732492 0.456272 2
0.708401 0.456219 2
0.684345 0.453542 2
0.654346 0.445498 2
0.58867 0.418466 2
0.54713 0.402153 2
0.505374 0.377711 2
0.404965 0.3348 2
0.364065 0.308117 2
0.329649 0.294932 2
0.301504 0.270967 2
0.291302 0.265786 2
22
0.701252 0.524162 2
0.707552 0.524162 2
0.700144 0.521295 2
0.687644 0.521295 2
0.685156 0.518043 2
0.664062 0.515341 2
0.638862 0.515341 2
0.579709 0.51217 2
0.535709 0.50077 2
0.509006 0.491134 2
0.484315 0.475967 2
0.446615 0.461667 2
0.401181 0.422604 2
0.388292 0.406363 2
0.363092 0.394963 2
0.337682 0.38262 2
0.299882 0.35412 2
0.291966 0.339712 2
0.292769 0.327526 2
0.292769 0.313326 2
0.29423 0.292099 2
0.294692 0.28304 2
24
0.881478 0.472289 2
0.881478 0.474989 2
0.874991 0.480403 2
0.857191 0.480403 2
0.832295 0.482904 2
0.790695 0.488204 2
0.742129 0.485692 2
0.682629 0.477592 2
0.622105 0.466628 2
0.567843 0.455428 2
0.502443 0.439228 2
0.443267 0.422702 2
0.383767 0.401202 2
0.32968 0.384094 2
0.28208 0.362594 2
0.231182 0.341428 2
0.18622 0.320746 2
0.15652 0.299246 2
0.161357 0.281531 2
0.125657 0.262731 2
0.119614 0.247518 2
0.113714 0.236718 2
0.111131 0.22671 2
0.108209 0.221064 2
24
0.9098 0.5113 2
0.9098 0.5086 2
0.9098 0.5086 2
0.9157 0.5113 2
0.9217 0.514 2
0.9098 0.5167 2
0.9038 0.514 2
0.8919 0.5059 2
0.8562 0.4925 2
0.8265 0.479 2
0.8027 0.471 2
0.7195 0.4441 2
0.6897 0.4199 2
0.6362 0.4118 2
0.5887 0.3957 2
0.4935 0.3661 2
0.44 0.3553 2
0.3984 0.3392 2
0.3151 0.315 2
0.2854 0.2988 2
0.2675 0.2961 2
0.2378 0.28 2
0.2378 0.2746 2
0.2319 0.2693 2
10
0.88658 0.512906 2
0.89224 0.512922 2
0.872228 0.515602 2
0.838414 0.512618 2
0.737082 0.492164 2
0.64858 0.459387 2
0.53816 0.422757 2
0.426933 0.390874 2
0.332717 0.346256 2
0.195094 0.30695 2
9
0.753406 0.46372 2
0.763907 0.453003 2
0.769917 0.4231 2
0.731029 0.390357 2
0.670316 0.333922 2
0.580923 0.294628 2
0.463573 0.253927 2
0.309749 0.214116 2
0.220961 0.177736 2
18
0.637486 0.606581 2
0.631486 0.603881 2
0.624736 0.598507 2
0.616826 0.59276 2
0.591443 0.582112 2
0.573543 0.568712 2
0.541882 0.552327 2
0.505029 0.532555 2
0.46972 0.507613 2
0.42812 0.480713 2
0.385496 0.444229 2
0.348433 0.412512 2
0.317331 0.373537 2
0.269731 0.333237 2
0.242462 0.300304 2
0.222972 0.266949 2
0.205129 0.233157 2
0.180619 0.203128 2
11
0.91848 0.47773 2
0.917717 0.483453 2
0.890803 0.491642 2
0.832693 0.497478 2
0.760698 0.48224 2
0.672949 0.470174 2
0.53993 0.428853 2
0.472628 0.399355 2
0.404694 0.367109 2
0.319457 0.314396 2
0.31066 0.289495 2
6
0.894153 0.458877 2
0.846433 0.448102 2
0.774817 0.42922 2
0.530976 0.361854 2
0.383258 0.305591 2
0.200064 0.257303 2
5
0.786132 0.439116 2
0.732606 0.422753 2
0.615973 0.396001 2
0.436554 0.323949 2
0.262395 0.243764 2
17
0.9248 0.5407 2
0.9311 0.5407 2
0.9185 0.5436 2
0.9185 0.5436 2
0.9059 0.5407 2
0.8807 0.5379 2
0.843 0.5322 2
0.736 0.5037 2
0.6983 0.4895 2
0.6417 0.4667 2
0.5913 0.4468 2
0.4655 0.4155 2
0.4089 0.3956 2
0.346 0.3728 2
0.3019 0.3586 2
0.2264 0.3301 2
0.2076 0.3188 2
6
0.787758 0.419698 2
0.735849 0.408435 2
0.656954 0.388028 2
0.412152 0.317133 2
0.29109 0.267053 2
0.140305 0.222291 2
18
0.798231 0.44277 2
0.798231 0.44277 2
0.797453 0.442793 2
0.784105 0.439876 2
0.765164 0.432115 2
0.713064 0.416415 2
0.68237 0.405655 2
0.611814 0.378756 2
0.571672 0.362277 2
0.531172 0.346577 2
0.460735 0.319028 2
0.424387 0.309061 2
0.376495 0.289366 2
0.330195 0.278966 2
0.274311 0.259857 2
0.254656 0.253471 2
0.237008 0.246677 2
0.201258 0.233184 2
5
0.880083 0.473713 2
0.832511 0.457576 2
0.719527 0.433369 2
0.529239 0.360749 2
0.315165 0.27468 2
19
0.654619 0.52342 2
0.654619 0.52342 2
0.653743 0.523446 2
0.646777 0.520789 2
0.641677 0.516189 2
0.629844 0.509546 2
0.617726 0.495552 2
0.601438 0.478654 2
0.586238 0.455854 2
0.556441 0.42999 2
0.525086 0.39866 2
0.474586 0.36436 2
0.428757 0.33076 2
0.357791 0.297927 2
0.29077 0.270455 2
0.23017 0.254455 2
0.175082 0.240046 2
0.130714 0.229889 2
0.100758 0.213447 2
15
0.7003 0.4899 2
0.6945 0.4873 2
0.6829 0.4873 2
0.6482 0.4795 2
0.6135 0.4664 2
0.5614 0.4428 2
0.5324 0.4297 2
0.4977 0.4114 2
0.4225 0.3721 2
0.3877 0.3512 2
0.3125 0.3172 2
0.2893 0.2988 2
0.2488 0.2753 2
0.2373 0.2674 2
0.2257 0.2491 2
7
0.816639 0.464258 2
0.790109 0.466641 2
0.721104 0.469209 2
0.60145 0.443412 2
0.491925 0.407422 2
0.261014 0.284476 2
0.210742 0.235676 2
22
0.866058 0.503583 2
0.866058 0.506283 2
0.859196 0.503612 2
0.859196 0.500912 2
0.851134 0.495219 2
0.837329 0.489991 2
0.819429 0.473791 2
0.787511 0.451969 2
0.751811 0.430469 2
0.702906 0.405282 2
0.661748 0.374842 2
0.614148 0.345242 2
0.553589 0.31655 2
0.505223 0.28231 2
0.433823 0.25541 2
0.385527 0.232822 2
0.337927 0.211322 2
0.311767 0.192061 2
0.287622 0.17771 2
0.257922 0.16961 2
0.240862 0.165677 2
0.240836 0.167791 2
15
0.65082 0.471679 2
0.64502 0.469079 2
0.63282 0.469097 2
0.596772 0.461053 2
0.560884 0.44806 2
0.507401 0.424259 2
0.477586 0.410543 2
0.443162 0.39172 2
0.36724 0.351302 2
0.335641 0.330813 2
0.263686 0.297819 2
0.246436 0.280877 2
0.213142 0.258468 2
0.205845 0.25142 2
0.197908 0.232818 2
17
0.9436 0.5066 2
0.9499 0.5066 2
0.9436 0.5009 2
0.9499 0.5037 2
0.9311 0.5037 2
0.9122 0.5037 2
0.843 0.498 2
0.7989 0.4923 2
0.7486 0.4781 2
0.692 0.4696 2
0.5787 0.4184 2
0.5158 0.4127 2
0.4592 0.387 2
0.3963 0.3785 2
0.2831 0.3472 2
0.2327 0.3358 2
0.2076 0.3244 2
6
0.836338 0.437587 2
0.786341 0.426547 2
0.71077 0.406836 2
0.466407 0.337552 2
0.333174 0.284649 2
0.167591 0.238278 2
10
0.9311 0.5293 2
0.9373 0.5293 2
0.9185 0.5322 2
0.887 0.5293 2
0.7864 0.5094 2
0.6983 0.4781 2
0.585 0.4411 2
0.4655 0.407 2
0.3648 0.3614 2
0.2201 0.3216 2
16
0.620113 0.505757 2
0.614313 0.505757 2
0.608172 0.505767 2
0.578507 0.503029 2
0.560433 0.500489 2
0.519148 0.484675 2
0.495586 0.471226 2
0.466742 0.457829 2
0.414642 0.426429 2
0.391132 0.402194 2
0.346649 0.365828 2
0.325291 0.350699 2
0.253469 0.296526 2
0.240159 0.284045 2
0.213645 0.263629 2
0.204124 0.255557 2
8
0.911164 0.427074 2
0.904782 0.41854 2
0.885532 0.404291 2
0.85375 0.381406 2
0.771897 0.341324 2
0.609284 0.273242 2
0.372173 0.216709 2
0.272682 0.182644 2
13
0.8624 0.5187 2
0.8624 0.5214 2
0.8624 0.524 2
0.8566 0.5214 2
0.7987 0.503 2
0.7119 0.4664 2
0.6424 0.435 2
0.544 0.4036 2
0.4051 0.3695 2
0.3125 0.3407 2
0.2546 0.3198 2
0.2141 0.3015 2
0.1967 0.2884 2
11
0.593821 0.461012 2
0.586322 0.458255 2
0.570879 0.457684 2
0.525309 0.449634 2
0.459085 0.41733 2
0.398628 0.388409 2
0.317443 0.344403 2
0.259075 0.297907 2
0.217949 0.251508 2
0.149152 0.209851 2
0.149095 0.188932 2
13
0.776217 0.486964 2
0.775172 0.489695 2
0.772825 0.491869 2
0.764955 0.489456 2
0.704646 0.470706 2
0.616428 0.433034 2
0.547408 0.400722 2
0.447749 0.367375 2
0.314426 0.333991 2
0.227478 0.306943 2
0.179941 0.288583 2
0.151992 0.272183 2
0.148293 0.26004 2
10
0.850813 0.504312 2
0.843465 0.50715 2
0.816262 0.501041 2
0.762015 0.492546 2
0.693022 0.474666 2
0.569793 0.435353 2
0.448051 0.389208 2
0.31437 0.292032 2
0.231553 0.2196 2
0.198911 0.170943 2
18
0.7076 0.6324 2
0.7016 0.6297 2
0.6957 0.6243 2
0.6897 0.6189 2
0.666 0.6081 2
0.6481 0.5947 2
0.6184 0.5786 2
0.5827 0.5597 2
0.547 0.5355 2
0.5054 0.5086 2
0.4638 0.4737 2
0.4222 0.4414 2
0.3865 0.401 2
0.3389 0.3607 2
0.3032 0.3257 2
0.2735 0.2908 2
0.2497 0.2558 2
0.22 0.2262 2
12
0.729644 0.497514 2
0.717147 0.50022 2
0.710604 0.500139 2
0.691913 0.491875 2
0.654759 0.480808 2
0.568891 0.444606 2
0.501445 0.408167 2
0.459697 0.388902 2
0.387463 0.342233 2
0.346617 0.301212 2
0.287785 0.25737 2
0.259869 0.235451 2
7
0.817824 0.464694 2
0.79134 0.467082 2
0.722397 0.469653 2
0.602755 0.443883 2
0.493171 0.40791 2
0.26204 0.284905 2
0.211407 0.236065 2
22
0.970655 0.474129 2
0.970655 0.474129 2
0.980016 0.476836 2
0.964316 0.479636 2
0.963778 0.485039 2
0.957204 0.487881 2
0.938904 0.496181 2
0.926052 0.498801 2
0.883252 0.498801 2
0.864627 0.498556 2
0.840237 0.495647 2
0.785237 0.490047 2
0.760448 0.481401 2
0.663926 0.453865 2
0.645626 0.448365 2
0.549121 0.396166 2
0.524621 0.374066 2
0.447495 0.302748 2
0.395371 0.269983 2
0.321971 0.214683 2
0.293148 0.198423 2
0.25181 0.167903 2
16
0.6482 0.5161 2
0.6424 0.5161 2
0.6366 0.5161 2
0.6077 0.5135 2
0.5903 0.5109 2
0.5498 0.4952 2
0.5267 0.4821 2
0.4977 0.469 2
0.4456 0.4376 2
0.4225 0.414 2
0.3762 0.3774 2
0.353 0.3617 2
0.2778 0.3067 2
0.2604 0.2936 2
0.2315 0.2727 2
0.2199 0.2648 2
6
0.879077 0.447088 2
0.870986 0.441187 2
0.842692 0.431996 2
0.69758 0.379259 2
0.539174 0.316468 2
0.383242 0.246845 2
12
0.670411 0.475701 2
0.657195 0.478429 2
0.649039 0.478056 2
0.628927 0.46992 2
0.590116 0.458613 2
0.503274 0.421674 2
0.435292 0.38327 2
0.397377 0.364497 2
0.329028 0.319032 2
0.295305 0.279757 2
0.245098 0.23722 2
0.2266 0.215959 2
19
0.7268 0.55 2
0.7268 0.55 2
0.7268 0.55 2
0.7218 0.5477 2
0.7167 0.5431 2
0.7066 0.5363 2
0.6965 0.5226 2
0.6814 0.5066 2
0.6662 0.4838 2
0.636 0.4587 2
0.6057 0.429 2
0.5552 0.3947 2
0.5047 0.3605 2
0.429 0.3262 2
0.3533 0.2966 2
0.2927 0.2806 2
0.2271 0.2646 2
0.1766 0.2532 2
0.1413 0.2372 2
14
0.8566 0.4611 2
0.8508 0.4638 2
0.8276 0.4585 2
0.8045 0.4507 2
0.7177 0.4245 2
0.6771 0.4062 2
0.5787 0.3643 2
0.5324 0.3486 2
0.4283 0.3172 2
0.3935 0.3041 2
0.2951 0.2779 2
0.272 0.2674 2
0.2546 0.2596 2
0.2257 0.2491 2
12
0.7459 0.5035 2
0.7336 0.5062 2
0.7275 0.5062 2
0.7092 0.4979 2
0.6725 0.4869 2
0.5869 0.4509 2
0.5196 0.415 2
0.4768 0.3956 2
0.4035 0.3486 2
0.3607 0.3071 2
0.2995 0.2629 2
0.269 0.2408 2
18
0.650987 0.611553 2
0.644987 0.608853 2
0.638401 0.603473 2
0.630859 0.597794 2
0.605799 0.587116 2
0.587899 0.573716 2
0.556617 0.557386 2
0.519985 0.537782 2
0.484601 0.512983 2
0.443001 0.486083 2
0.400574 0.449904 2
0.362637 0.418075 2
0.33065 0.378825 2
0.28305 0.338525 2
0.254157 0.305194 2
0.232702 0.271542 2
0.213711 0.237517 2
0.188202 0.207571 2
10
0.77302 0.424704 2
0.759491 0.421941 2
0.732333 0.41594 2
0.671969 0.399148 2
0.566403 0.361988 2
0.418788 0.297729 2
0.315242 0.262671 2
0.230162 0.242815 2
0.177612 0.222947 2
0.157013 0.188072 2
24
0.811802 0.446631 2
0.811802 0.449331 2
0.804469 0.454771 2
0.786669 0.454771 2
0.759876 0.456928 2
0.718276 0.462227 2
0.668037 0.459866 2
0.608537 0.451766 2
0.546065 0.440519 2
0.490656 0.428452 2
0.425256 0.412252 2
0.366469 0.394989 2
0.306969 0.373489 2
0.251864 0.354807 2
0.204264 0.333307 2
0.157875 0.31272 2
0.117482 0.293454 2
0.0877823 0.271954 2
0.100997 0.256293 2
0.0652971 0.237493 2
0.0694014 0.223815 2
0.0635014 0.213015 2
0.066838 0.204209 2
0.0690732 0.198136 2
22
0.918363 0.454873 2
0.918363 0.454873 2
0.927089 0.457599 2
0.911389 0.460399 2
0.909427 0.465543 2
0.901597 0.468499 2
0.883297 0.476799 2
0.868983 0.479206 2
0.826183 0.479206 2
0.806698 0.47831 2
0.7826 0.474848 2
0.7276 0.469248 2
0.702048 0.459421 2
0.608909 0.432319 2
0.590609 0.426819 2
0.497533 0.375684 2
0.473033 0.353584 2
0.402195 0.283807 2
0.357686 0.252195 2
0.284286 0.196895 2
0.259906 0.181536 2
0.222439 0.150695 2
13
0.959209 0.494979 2
0.957715 0.493894 2
0.954104 0.490992 2
0.916524 0.499381 2
0.878684 0.499215 2
0.804612 0.493208 2
0.74374 0.481676 2
0.700344 0.466954 2
0.592884 0.420293 2
0.497759 0.365823 2
0.441464 0.303425 2
0.319004 0.213024 2
0.264389 0.185877 2
13
0.7492 0.4602 2
0.7433 0.4602 2
0.7195 0.4602 2
0.6957 0.4575 2
0.666 0.4495 2
0.6005 0.4226 2
0.5589 0.4064 2
0.5173 0.3822 2
0.4162 0.3392 2
0.3746 0.3123 2
0.3389 0.2988 2
0.3092 0.2746 2
0.2973 0.2693 2
19
0.683766 0.534153 2
0.683766 0.534153 2
0.683244 0.534169 2
0.677072 0.531656 2
0.671972 0.527056 2
0.660839 0.520349 2
0.649536 0.506474 2
0.633728 0.489939 2
0.618528 0.467139 2
0.588568 0.441584 2
0.557639 0.410912 2
0.507139 0.376612 2
0.459424 0.342769 2
0.386546 0.309344 2
0.316021 0.281013 2
0.255421 0.265013 2
0.196088 0.249961 2
0.149244 0.239302 2
0.117129 0.223039 2
9
0.741279 0.475834 2
0.73995 0.478492 2
0.711184 0.478188 2
0.650242 0.469889 2
0.515927 0.428097 2
0.359354 0.342761 2
0.227628 0.287393 2
0.0715401 0.227589 2
0.0426532 0.202626 2
17
0.823593 0.503431 2
0.829893 0.503431 2
0.816065 0.506368 2
0.813308 0.505868 2
0.798278 0.503187 2
0.770249 0.499976 2
0.732549 0.494276 2
0.623883 0.464517 2
0.586748 0.449246 2
0.52867 0.42416 2
0.484819 0.405101 2
0.359019 0.373801 2
0.309056 0.355958 2
0.258325 0.336141 2
0.228964 0.324172 2
0.162062 0.297415 2
0.150754 0.285496 2
18
0.372547 0.573629 2
0.367547 0.573629 2
0.366382 0.571364 2
0.363765 0.573189 2
0.361459 0.571097 2
0.361459 0.571097 2
0.348973 0.561807 2
0.327593 0.547212 2
0.308429 0.530595 2
0.283729 0.508296 2
0.247826 0.479326 2
0.229441 0.446724 2
0.20614 0.412977 2
0.18144 0.390577 2
0.18809 0.373408 2
0.162578 0.317525 2
0.151039 0.27898 2
0.148249 0.242692 2
24
0.825754 0.48035 2
0.825754 0.47765 2
0.824734 0.477681 2
0.830634 0.480381 2
0.834345 0.482666 2
0.822445 0.485366 2
0.814427 0.482848 2
0.802527 0.474748 2
0.764477 0.461006 2
0.733394 0.446461 2
0.709594 0.438461 2
0.626863 0.410671 2
0.597063 0.386471 2
0.542335 0.376473 2
0.494835 0.360373 2
0.405074 0.331471 2
0.357086 0.32238 2
0.315486 0.30628 2
0.242292 0.284557 2
0.212592 0.268357 2
0.206932 0.267509 2
0.177231 0.25141 2
0.184372 0.247457 2
0.184693 0.241643 2
12
0.924122 0.497868 2
0.904374 0.503593 2
0.889871 0.511848 2
0.862993 0.509099 2
0.81704 0.500315 2
0.74669 0.490846 2
0.657959 0.465828 2
0.561881 0.440809 2
0.484663 0.410929 2
0.392366 0.361689 2
0.345942 0.326329 2
0.325551 0.301405 2
11
0.972328 0.497559 2
0.972218 0.503263 2
0.946771 0.511718 2
0.889953 0.517437 2
0.82035 0.503088 2
0.7323 0.491592 2
0.600068 0.451487 2
0.52575 0.420446 2
0.451341 0.386614 2
0.358262 0.332714 2
0.340904 0.307215 2
7
0.886 0.4898 2
0.8622 0.4925 2
0.7968 0.4952 2
0.6779 0.471 2
0.5649 0.436 2
0.3211 0.3096 2
0.2497 0.2585 2
16
0.590523 0.494861 2
0.584723 0.494861 2
0.578224 0.494882 2
0.547752 0.491997 2
0.528968 0.489522 2
0.486855 0.473587 2
0.462806 0.45977 2
0.434128 0.446059 2
0.382028 0.414659 2
0.358085 0.389757 2
0.315517 0.353636 2
0.2961 0.339108 2
0.227835 0.285808 2
0.218835 0.27398 2
0.194835 0.254073 2
0.187504 0.24582 2
12
0.994 0.5236 2
0.9751 0.5293 2
0.9625 0.5379 2
0.9373 0.535 2
0.8933 0.5265 2
0.8241 0.5179 2
0.736 0.4952 2
0.6354 0.4696 2
0.5536 0.4383 2
0.4529 0.387 2
0.3963 0.3501 2
0.3648 0.3244 2
9
0.76541 0.48472 2
0.764374 0.487369 2
0.736845 0.487132 2
0.676578 0.478931 2
0.542525 0.437696 2
0.384743 0.352703 2
0.251435 0.296845 2
0.0889305 0.235798 2
0.0562071 0.210567 2
13
0.964336 0.496867 2
0.962904 0.49578 2
0.952932 0.494304 2
0.946376 0.492981 2
0.896479 0.490136 2
0.840892 0.481392 2
0.724891 0.456115 2
0.67547 0.444209 2
0.604378 0.414106 2
0.502816 0.359531 2
0.415405 0.283182 2
0.347199 0.231368 2
0.303969 0.204164 2
25
0.584842 0.471004 2
0.590842 0.471004 2
0.577525 0.471047 2
0.565625 0.471047 2
0.550545 0.47047 2
0.526745 0.46237 2
0.494242 0.457323 2
0.464542 0.443823 2
0.425577 0.429948 2
0.389877 0.419148 2
0.346356 0.398896 2
0.310656 0.380096 2
0.269707 0.35996 2
0.244202 0.338523 2
0.214402 0.317023 2
0.192257 0.304493 2
0.138757 0.280293 2
0.128614 0.274667 2
0.116714 0.255767 2
0.106954 0.243108 2
0.0950538 0.229608 2
0.100157 0.221482 2
0.100157 0.216082 2
0.104077 0.212693 2
0.11272 0.206578 2
13
0.94242 0.488797 2
0.940722 0.487718 2
0.936654 0.484733 2
0.898671 0.493158 2
0.860361 0.492924 2
0.786014 0.486707 2
0.725235 0.474998 2
0.681594 0.459898 2
0.57522 0.413376 2
0.481196 0.359247 2
0.426919 0.297344 2
0.306905 0.207313 2
0.254959 0.180352 2
21
0.7502 0.5679 2
0.7502 0.5655 2
0.7449 0.5606 2
0.7395 0.5582 2
0.7288 0.5534 2
0.7074 0.5461 2
0.6752 0.5364 2
0.6377 0.5218 2
0.5895 0.5049 2
0.5412 0.4806 2
0.4716 0.4515 2
0.418 0.4225 2
0.3697 0.3934 2
0.3322 0.3691 2
0.2893 0.3449 2
0.2679 0.3255 2
0.2465 0.3037 2
0.2304 0.2867 2
0.2197 0.2697 2
0.209 0.2576 2
0.2036 0.2552 2
9
0.665085 0.475184 2
0.652499 0.472396 2
0.614168 0.466807 2
0.564379 0.438978 2
0.490733 0.413346 2
0.339427 0.329991 2
0.262013 0.291938 2
0.209372 0.257577 2
0.20223 0.246931 2
11
0.9573 0.5328 2
0.9454 0.5301 2
0.9157 0.5221 2
0.8919 0.5275 2
0.8325 0.514 2
0.7611 0.5032 2
0.6838 0.4817 2
0.5649 0.4064 2
0.4578 0.3526 2
0.3448 0.2746 2
0.2557 0.2047 2
22
0.915589 0.521822 2
0.915589 0.524522 2
0.909327 0.521833 2
0.909327 0.519133 2
0.902615 0.513686 2
0.889999 0.50835 2
0.872099 0.49215 2
0.841566 0.470529 2
0.805866 0.449029 2
0.757775 0.424458 2
0.716342 0.394543 2
0.668742 0.364943 2
0.608906 0.337369 2
0.557335 0.302717 2
0.485935 0.275817 2
0.43439 0.252223 2
0.38679 0.230723 2
0.354675 0.210002 2
0.323316 0.194559 2
0.293616 0.186459 2
0.272349 0.181672 2
0.268656 0.18409 2
13
0.854766 0.494846 2
0.860123 0.49486 2
0.853327 0.502479 2
0.82925 0.502558 2
0.781929 0.49981 2
0.700328 0.486255 2
0.579031 0.462369 2
0.468498 0.424844 2
0.360862 0.378047 2
0.288058 0.34209 2
0.234551 0.309167 2
0.210971 0.289072 2
0.21098 0.276378 2
20
0.620388 0.539649 2
0.626688 0.539649 2
0.613678 0.533961 2
0.587657 0.533794 2
0.575057 0.530994 2
0.561645 0.528167 2
0.5293 0.52233 2
0.5167 0.51663 2
0.453244 0.499209 2
0.428232 0.490252 2
0.390532 0.478852 2
0.358538 0.463888 2
0.310426 0.435769 2
0.285226 0.418669 2
0.268544 0.405156 2
0.241209 0.391853 2
0.203409 0.360553 2
0.183233 0.347098 2
0.173506 0.33628 2
0.169709 0.321874 2
11
0.961434 0.471872 2
0.955205 0.466376 2
0.961014 0.460823 2
0.924058 0.452547 2
0.868584 0.432971 2
0.776944 0.407958 2
0.709488 0.385617 2
0.625278 0.330622 2
0.49206 0.281137 2
0.401913 0.248172 2
0.318009 0.22619 2
22
0.66 0.6458 2
0.66 0.6458 2
0.6541 0.6458 2
0.66 0.6458 2
0.6481 0.6431 2
0.6362 0.6377 2
0.6184 0.6297 2
0.5827 0.6108 2
0.553 0.592 2
0.5173 0.5705 2
0.4876 0.5436 2
0.4459 0.5113 2
0.4103 0.4764 2
0.3805 0.4387 2
0.3508 0.3984 2
0.327 0.3607 2
0.3151 0.323 2
0.2913 0.2988 2
0.2794 0.2746 2
0.2735 0.2585 2
0.2557 0.245 2
0.2378 0.2343 2
17
0.90686 0.493071 2
0.91316 0.493071 2
0.906415 0.487384 2
0.911714 0.490003 2
0.892032 0.490082 2
0.872105 0.489933 2
0.802905 0.484233 2
0.7582 0.478076 2
0.708105 0.463487 2
0.650968 0.454157 2
0.540046 0.403263 2
0.477146 0.397563 2
0.422955 0.372609 2
0.364473 0.365192 2
0.256623 0.334702 2
0.209345 0.323935 2
0.186964 0.31231 2
11
0.704185 0.508161 2
0.703976 0.510967 2
0.679007 0.510882 2
0.617494 0.497119 2
0.573929 0.474735 2
0.519025 0.444053 2
0.463774 0.402264 2
0.417017 0.369557 2
0.357987 0.323064 2
0.287094 0.273644 2
0.277631 0.257235 2
8
0.874892 0.413717 2
0.868071 0.405196 2
0.846962 0.390847 2
0.813569 0.367363 2
0.731389 0.326078 2
0.573501 0.259034 2
0.346033 0.204371 2
0.25231 0.170708 2
9
0.793633 0.467008 2
0.793207 0.461921 2
0.780133 0.449074 2
0.750963 0.431082 2
0.705482 0.404775 2
0.639588 0.376225 2
0.568601 0.343789 2
0.46518 0.297149 2
0.391832 0.279689 2
14
0.821577 0.448203 2
0.815352 0.450916 2
0.791198 0.445443 2
0.767257 0.437719 2
0.679478 0.411376 2
0.638302 0.392641 2
0.540097 0.35037 2
0.493286 0.333879 2
0.391452 0.30277 2
0.358949 0.290382 2
0.26476 0.265214 2
0.24676 0.255486 2
0.232336 0.248289 2
0.206028 0.237575 2
20
0.56733 0.52011 2
0.573629 0.52011 2
0.559976 0.514442 2
0.53251 0.514013 2
0.51991 0.511213 2
0.505224 0.508501 2
0.471395 0.502448 2
0.458795 0.496748 2
0.394466 0.478667 2
0.36975 0.469148 2
0.33205 0.457748 2
0.299281 0.441586 2
0.254603 0.413908 2
0.229403 0.396808 2
0.216199 0.384374 2
0.195245 0.372634 2
0.157445 0.341334 2
0.144996 0.329049 2
0.139776 0.319145 2
0.139907 0.304414 2
19
0.62523 0.512597 2
0.62523 0.512597 2
0.623998 0.512634 2
0.616231 0.509832 2
0.611131 0.505232 2
0.598592 0.498652 2
0.585652 0.48454 2
0.568881 0.467276 2
0.553681 0.444476 2
0.524047 0.418301 2
0.492264 0.386307 2
0.441764 0.352007 2
0.397837 0.318651 2
0.328797 0.286416 2
0.265311 0.25981 2
0.204711 0.24381 2
0.153903 0.230048 2
0.112032 0.220398 2
0.0842505 0.203776 2
22
0.656838 0.517132 2
0.643438 0.514132 2
0.635571 0.514171 2
0.622171 0.514171 2
0.599326 0.510654 2
0.576717 0.504781 2
0.550017 0.492681 2
0.513697 0.474156 2
0.466997 0.459056 2
0.418478 0.421557 2
0.379061 0.390151 2
0.332261 0.353951 2
0.290635 0.318392 2
0.263995 0.27996 2
0.243995 0.25276 2
0.224145 0.227683 2
0.204145 0.203583 2
0.196606 0.188462 2
0.191819 0.178765 2
0.185119 0.169665 2
0.187294 0.162364 2
0.181726 0.149725 2
10
0.913761 0.504285 2
0.919525 0.507095 2
0.906569 0.512458 2
0.886828 0.512406 2
0.794571 0.495461 2
0.665921 0.453141 2
0.545516 0.411871 2
0.45897 0.357953 2
0.37121 0.305964 2
0.29012 0.245472 2
22
0.738866 0.538013 2
0.745166 0.538013 2
0.738214 0.535132 2
0.725714 0.535132 2
0.72425 0.532067 2
0.70406 0.529283 2
0.67886 0.529283 2
0.620758 0.526265 2
0.576758 0.514865 2
0.550673 0.505696 2
0.525773 0.490928 2
0.488073 0.476628 2
0.443188 0.438414 2
0.427865 0.42186 2
0.402665 0.41046 2
0.374789 0.397353 2
0.336989 0.368853 2
0.324551 0.353336 2
0.319876 0.340321 2
0.319876 0.326121 2
0.318141 0.304246 2
0.315819 0.295418 2
18
0.692412 0.626807 2
0.686412 0.624107 2
0.680328 0.618713 2
0.673914 0.613238 2
0.649849 0.60247 2
0.631949 0.58907 2
0.601825 0.572909 2
0.565875 0.55382 2
0.53026 0.529459 2
0.48866 0.502559 2
0.446838 0.467316 2
0.406221 0.435142 2
0.371517 0.395051 2
0.323917 0.354751 2
0.290043 0.320199 2
0.262555 0.285633 2
0.240045 0.250895 2
0.211469 0.221202 2
9
0.6969 0.4869 2
0.6847 0.4841 2
0.648 0.4786 2
0.5991 0.4509 2
0.5258 0.426 2
0.3729 0.3431 2
0.2934 0.3044 2
0.2323 0.2684 2
0.2201 0.2574 2
24
0.847318 0.488291 2
0.847318 0.485591 2
0.84656 0.485614 2
0.85246 0.488314 2
0.856758 0.490705 2
0.844858 0.493405 2
0.837358 0.490841 2
0.825458 0.482741 2
0.788011 0.469087 2
0.757283 0.454809 2
0.733483 0.446809 2
0.650631 0.419248 2
0.620831 0.395048 2
0.566418 0.385537 2
0.518918 0.369437 2
0.427762 0.340356 2
0.378359 0.330826 2
0.336759 0.314726 2
0.260972 0.292368 2
0.231272 0.276168 2
0.222472 0.274845 2
0.192772 0.258745 2
0.19808 0.254421 2
0.196805 0.248739 2
9
0.834834 0.4871 2
0.834567 0.479458 2
0.805247 0.443698 2
0.748254 0.415559 2
0.674724 0.381902 2
0.613817 0.350987 2
0.530701 0.325937 2
0.457645 0.286276 2
0.370955 0.263572 2
22
0.7926 0.5578 2
0.7989 0.5578 2
0.7926 0.5549 2
0.7801 0.5549 2
0.7801 0.5521 2
0.7612 0.5492 2
0.736 0.5492 2
0.6794 0.5464 2
0.6354 0.535 2
0.6102 0.5265 2
0.585 0.5123 2
0.5473 0.498 2
0.5032 0.461 2
0.4844 0.444 2
0.4592 0.4326 2
0.4278 0.4184 2
0.39 0.3899 2
0.3711 0.3728 2
0.3586 0.3586 2
0.3586 0.3444 2
0.3523 0.3216 2
0.346 0.3131 2
6
0.897922 0.460265 2
0.85035 0.449507 2
0.778992 0.430679 2
0.535185 0.363438 2
0.386523 0.306956 2
0.202181 0.258543 2
21
0.689718 0.545628 2
0.689718 0.543228 2
0.683684 0.53835 2
0.678284 0.53595 2
0.665937 0.530851 2
0.643084 0.523682 2
0.610884 0.513982 2
0.571693 0.499136 2
0.522498 0.481484 2
0.474198 0.457184 2
0.404936 0.427444 2
0.350452 0.397078 2
0.302152 0.367977 2
0.268566 0.34418 2
0.229632 0.32121 2
0.208232 0.30181 2
0.194105 0.281792 2
0.186813 0.266125 2
0.176113 0.249125 2
0.170551 0.238067 2
0.169629 0.235297 2
10
0.913555 0.50421 2
0.919317 0.50702 2
0.906355 0.512382 2
0.886603 0.512329 2
0.794343 0.495381 2
0.665691 0.453054 2
0.545299 0.411786 2
0.458792 0.357878 2
0.371062 0.305894 2
0.290004 0.245404 2
