10
0.331751 0.273603 1
0.337733 0.274158 1
0.355765 0.28223 1
0.40636 0.337917 1
0.451885 0.387984 1
0.478093 0.436864 1
0.510945 0.49569 1
0.533847 0.553406 1
0.533395 0.577339 1
0.5217 0.588067 1
18
0.189155 0.170054 1
0.193805 0.172287 1
0.217712 0.177871 1
0.248038 0.194445 1
0.326848 0.248455 1
0.369949 0.273225 1
0.452664 0.37109 1
0.466478 0.420207 1
0.485645 0.511447 1
0.505095 0.55595 1
0.500284 0.620245 1
0.489564 0.648895 1
0.483826 0.697275 1
0.459195 0.708485 1
0.417025 0.725533 1
0.40417 0.736851 1
0.368262 0.748043 1
0.362248 0.751019 1
12
0.336717 0.289236 1
0.342836 0.290908 1
0.358734 0.298225 1
0.360452 0.304496 1
0.39005 0.334552 1
0.40223 0.346742 1
0.419157 0.394897 1
0.4218 0.415699 1
0.40678 0.468176 1
0.395117 0.478891 1
0.373953 0.506868 1
0.358393 0.514525 1
21
0.25 0.266667 1
0.2572 0.2649 1
0.2733 0.2625 1
0.3001 0.2673 1
0.3108 0.2794 1
0.3429 0.3013 1
0.3697 0.3255 1
0.3965 0.357 1
0.4233 0.3909 1
0.4394 0.4297 1
0.4555 0.4637 1
0.4716 0.4952 1
0.4823 0.5291 1
0.4769 0.5606 1
0.4823 0.5873 1
0.4769 0.6115 1
0.4769 0.6285 1
0.4716 0.643 1
0.4555 0.6576 1
0.4501 0.6649 1
0.4448 0.6697 1
9
0.2088 0.3411 1
0.2252 0.3411 1
0.2747 0.3386 1
0.3187 0.351 1
0.4286 0.4082 1
0.4835 0.443 1
0.533 0.5076 1
0.5165 0.5474 1
0.4945 0.5847 1
16
0.195768 0.142975 1
0.214351 0.14889 1
0.21542 0.149529 1
0.2424 0.152587 1
0.247014 0.160219 1
0.288714 0.171943 1
0.306404 0.178014 1
0.363741 0.230956 1
0.403087 0.246498 1
0.460117 0.316135 1
0.474437 0.356011 1
0.486912 0.433378 1
0.491591 0.464579 1
0.484518 0.543598 1
0.476787 0.552782 1
0.470136 0.578995 1
5
0.21876 0.329355 1
0.321934 0.33607 1
0.425435 0.382143 1
0.519758 0.48716 1
0.507855 0.543074 1
7
0.1868 0.2939 1
0.1868 0.2964 1
0.2197 0.3113 1
0.3736 0.3709 1
0.456 0.4306 1
0.5 0.5151 1
0.478 0.5548 1
20
0.226992 0.251669 1
0.232292 0.254169 1
0.243021 0.256619 1
0.264693 0.266422 1
0.313308 0.283379 1
0.344273 0.314422 1
0.386912 0.337405 1
0.419112 0.368905 1
0.460918 0.413747 1
0.488094 0.449235 1
0.515319 0.486965 1
0.526345 0.515268 1
0.537369 0.546507 1
0.537369 0.573207 1
0.537413 0.592602 1
0.531785 0.604815 1
0.520929 0.619575 1
0.515367 0.629417 1
0.51531 0.636825 1
0.515278 0.644228 1
18
0.220974 0.120044 1
0.227074 0.122744 1
0.239476 0.123089 1
0.25905 0.132091 1
0.280184 0.140784 1
0.296241 0.159075 1
0.319544 0.175654 1
0.342663 0.197554 1
0.38193 0.225099 1
0.421537 0.250986 1
0.448167 0.287035 1
0.456484 0.321252 1
0.469087 0.357115 1
0.473626 0.393885 1
0.473308 0.427564 1
0.476866 0.454635 1
0.476475 0.480272 1
0.464061 0.492077 1
24
0.189735 0.293705 1
0.189735 0.296305 1
0.19536 0.301449 1
0.229307 0.324437 1
0.274407 0.332137 1
0.297363 0.332186 1
0.324503 0.329108 1
0.347003 0.334208 1
0.369465 0.338263 1
0.396725 0.342282 1
0.419225 0.349982 1
0.430848 0.351785 1
0.448113 0.353466 1
0.465293 0.362981 1
0.482193 0.362981 1
0.510672 0.383157 1
0.52761 0.395852 1
0.54451 0.431552 1
0.538714 0.452049 1
0.515979 0.493073 1
0.504779 0.510972 1
0.465054 0.541695 1
0.448105 0.549387 1
0.425478 0.552076 1
13
0.216941 0.27232 1
0.22256 0.274925 1
0.261758 0.285342 1
0.324328 0.295714 1
0.389676 0.300673 1
0.478635 0.337867 1
0.492885 0.357526 1
0.461209 0.41399 1
0.424026 0.465131 1
0.390378 0.472965 1
0.351244 0.488923 1
0.31718 0.499499 1
0.300321 0.507755 1
7
0.137404 0.260637 1
0.138533 0.263995 1
0.165932 0.269269 1
0.318186 0.311262 1
0.404234 0.365028 1
0.446326 0.451589 1
0.42236 0.493268 1
12
0.2497 0.1859 1
0.261599 0.1859 1
0.3151 0.2612 1
0.3508 0.3849 1
0.3627 0.500599 1
0.3448 0.5866 1
0.3211 0.6808 1
0.3151 0.7184 1
0.3032 0.7561 1
0.2854 0.783 1
0.2735 0.7964 1
0.261599 0.8045 1
36
0.243968 0.243888 1
0.249368 0.246289 1
0.254668 0.25119 1
0.265412 0.253665 1
0.281512 0.258465 1
0.30317 0.26592 1
0.31927 0.27562 1
0.346693 0.290206 1
0.378893 0.304806 1
0.430638 0.325769 1
0.462738 0.345169 1
0.489297 0.367541 1
0.499997 0.386941 1
0.516097 0.403941 1
0.525153 0.421451 1
0.530553 0.440851 1
0.531117 0.461431 1
0.531117 0.475931 1
0.531756 0.488923 1
0.526356 0.503424 1
0.526846 0.514327 1
0.516146 0.526527 1
0.511333 0.538235 1
0.505933 0.547935 1
0.500533 0.557635 1
0.4953 0.569727 1
0.4846 0.577027 1
0.473457 0.584396 1
0.468157 0.589296 1
0.462522 0.594487 1
0.457222 0.596987 1
0.451428 0.602 1
0.446028 0.6044 1
0.445942 0.607062 1
0.440642 0.609462 1
0.435195 0.612017 1
28
0.109989 0.243204 1
0.114889 0.243204 1
0.115033 0.245649 1
0.124933 0.245649 1
0.14057 0.25285 1
0.17017 0.25735 1
0.201789 0.26873 1
0.225373 0.286116 1
0.259873 0.308416 1
0.298591 0.324787 1
0.323191 0.351587 1
0.347461 0.37896 1
0.36409 0.395002 1
0.38379 0.426302 1
0.400661 0.443391 1
0.410561 0.474591 1
0.417051 0.484108 1
0.42363 0.507337 1
0.42853 0.523037 1
0.428746 0.53641 1
0.428746 0.54531 1
0.422734 0.556959 1
0.416973 0.564927 1
0.412073 0.571627 1
0.405896 0.576819 1
0.405896 0.581219 1
0.400617 0.584044 1
0.400465 0.588946 1
16
0.310986 0.269216 1
0.31704 0.269308 1
0.335152 0.269494 1
0.341805 0.274999 1
0.35746 0.276686 1
0.398769 0.301374 1
0.426479 0.328687 1
0.462862 0.37291 1
0.523135 0.489265 1
0.541528 0.528216 1
0.548118 0.600342 1
0.548198 0.629932 1
0.547783 0.648937 1
0.547499 0.70051 1
0.535122 0.711568 1
0.523062 0.725351 1
10
0.2378 0.1805 1
0.255699 0.1913 1
0.3092 0.2047 1
0.3865 0.2343 1
0.4519 0.2935 1
0.4876 0.393 1
0.5173 0.4764 1
0.5054 0.5086 1
0.4935 0.5382 1
0.4697 0.557 1
17
0.308425 0.25473 1
0.313301 0.255976 1
0.319354 0.258767 1
0.331622 0.261518 1
0.336425 0.266323 1
0.366083 0.294842 1
0.382911 0.320624 1
0.401144 0.341403 1
0.449022 0.407753 1
0.455312 0.441944 1
0.4853 0.460613 1
0.509139 0.514408 1
0.514835 0.530608 1
0.520697 0.549639 1
0.514464 0.568665 1
0.512464 0.575161 1
0.508486 0.587653 1
22
0.11875 0.226667 1
0.1231 0.2314 1
0.136 0.2344 1
0.1554 0.2344 1
0.2073 0.2402 1
0.2526 0.2461 1
0.3109 0.260699 1
0.3757 0.2842 1
0.4535 0.3106 1
0.5183 0.3369 1
0.5766 0.3897 1
0.6025 0.4161 1
0.6219 0.4512 1
0.6349 0.4893 1
0.6284 0.5245 1
0.6284 0.5538 1
0.609 0.5802 1
0.596 0.6036 1
0.5831 0.6183 1
0.5766 0.6271 1
0.5701 0.6417 1
0.5636 0.6446 1
27
0.241982 0.230452 1
0.252682 0.230452 1
0.268833 0.228039 1
0.284933 0.230539 1
0.312029 0.233116 1
0.339545 0.238016 1
0.371645 0.250216 1
0.417712 0.268553 1
0.455312 0.292853 1
0.487135 0.317351 1
0.522744 0.346778 1
0.544244 0.383078 1
0.555593 0.410774 1
0.567028 0.445326 1
0.561628 0.476826 1
0.562191 0.516649 1
0.546191 0.540849 1
0.530652 0.569498 1
0.514628 0.598589 1
0.493228 0.615589 1
0.471334 0.635183 1
0.455334 0.649683 1
0.438964 0.657433 1
0.422411 0.662478 1
0.411711 0.664978 1
0.400912 0.662664 1
0.395458 0.658042 1
13
0.266252 0.175706 1
0.290116 0.167715 1
0.332089 0.170638 1
0.419506 0.207153 1
0.496457 0.247607 1
0.601079 0.379373 1
0.638519 0.463981 1
0.621428 0.494548 1
0.604233 0.520881 1
0.586033 0.537214 1
0.561893 0.54588 1
0.525624 0.546189 1
0.507631 0.538547 1
13
0.302066 0.24194 1
0.30775 0.242255 1
0.308824 0.242897 1
0.331198 0.259576 1
0.346695 0.266872 1
0.372759 0.313713 1
0.394261 0.329354 1
0.4073 0.378974 1
0.414826 0.394744 1
0.408176 0.445113 1
0.3962 0.459239 1
0.378062 0.482427 1
0.368009 0.489777 1
13
0.243952 0.290509 1
0.24948 0.292959 1
0.288152 0.303061 1
0.353237 0.314965 1
0.419077 0.323656 1
0.511391 0.364707 1
0.523186 0.390138 1
0.49051 0.449046 1
0.452332 0.500987 1
0.419249 0.508492 1
0.380594 0.523652 1
0.347334 0.533793 1
0.330746 0.541402 1
12
0.344316 0.278698 1
0.351073 0.276609 1
0.36271 0.276631 1
0.40303 0.310522 1
0.443495 0.354754 1
0.495437 0.4224 1
0.55343 0.503365 1
0.605673 0.626133 1
0.588283 0.694232 1
0.547699 0.725713 1
0.512941 0.741445 1
0.466622 0.744091 1
14
0.3625 0.311667 1
0.3664 0.3116 1
0.3833 0.3141 1
0.3889 0.3167 1
0.3946 0.332 1
0.4059 0.3422 1
0.434 0.3677 1
0.434 0.3881 1
0.4397 0.4187 1
0.4397 0.4365 1
0.4115 0.4926 1
0.4002 0.5079 1
0.372 0.5258 1
0.3495 0.536 1
5
0.221429 0.331153 1
0.324791 0.337972 1
0.428429 0.385366 1
0.522612 0.490672 1
0.510862 0.5464 1
18
0.251019 0.238134 1
0.256919 0.238134 1
0.257074 0.238399 1
0.275877 0.246939 1
0.301754 0.255341 1
0.325067 0.273914 1
0.389623 0.33472 1
0.419574 0.379311 1
0.475047 0.447642 1
0.483181 0.482323 1
0.484795 0.528267 1
0.480699 0.587063 1
0.480481 0.601868 1
0.478032 0.61746 1
0.473461 0.640494 1
0.471533 0.65164 1
0.471233 0.668306 1
0.465169 0.674248 1
20
0.0984053 0.22537 1
0.108305 0.227569 1
0.113371 0.230053 1
0.129136 0.23733 1
0.161065 0.251054 1
0.188726 0.281424 1
0.227224 0.305785 1
0.266724 0.337085 1
0.300076 0.365717 1
0.346486 0.396852 1
0.368675 0.415342 1
0.395108 0.442061 1
0.41173 0.465197 1
0.41673 0.489697 1
0.416979 0.505266 1
0.420596 0.519299 1
0.419718 0.531961 1
0.413345 0.541659 1
0.413024 0.544465 1
0.401748 0.555011 1
14
0.22125 0.24 1
0.2257 0.2386 1
0.243 0.2412 1
0.2662 0.2465 1
0.3183 0.2674 1
0.33625 0.293333 1
0.3646 0.3276 1
0.4051 0.3931 1
0.4225 0.4166 1
0.4456 0.4742 1
0.463 0.4978 1
0.4688 0.5371 1
0.4688 0.5554 1
0.4572 0.5763 1
28
0.1529 0.2721 1
0.1578 0.2721 1
0.1578 0.2743 1
0.1677 0.2743 1
0.1825 0.281 1
0.2121 0.2855 1
0.2417 0.2966 1
0.2713 0.3167 1
0.3058 0.339 1
0.3453 0.3613 1
0.3699 0.3881 1
0.3995 0.4216 1
0.4143 0.4416 1
0.434 0.4729 1
0.4488 0.4952 1
0.4587 0.5264 1
0.4636 0.5398 1
0.4686 0.5643 1
0.4735 0.58 1
0.4735 0.5934 1
0.4735 0.6023 1
0.4686 0.6134 1
0.4636 0.6201 1
0.4587 0.6268 1
0.4538 0.6313 1
0.4538 0.6357 1
0.4488 0.638 1
0.4488 0.6424 1
21
0.220737 0.212598 1
0.226037 0.210197 1
0.231649 0.212961 1
0.248982 0.220998 1
0.278759 0.226212 1
0.291291 0.236811 1
0.328791 0.261011 1
0.365138 0.288669 1
0.38408 0.313536 1
0.413576 0.339201 1
0.438129 0.363019 1
0.448829 0.389719 1
0.461873 0.413093 1
0.464202 0.43542 1
0.453819 0.457181 1
0.44678 0.47739 1
0.43608 0.49199 1
0.413558 0.508358 1
0.395575 0.516679 1
0.379065 0.524753 1
0.35744 0.527893 1
24
0.1973 0.2988 1
0.1973 0.3014 1
0.2029 0.3065 1
0.2367 0.3294 1
0.2818 0.3371 1
0.3044 0.3371 1
0.3326 0.3345 1
0.3551 0.3396 1
0.3777 0.3447 1
0.4059 0.3498 1
0.4284 0.3575 1
0.4397 0.36 1
0.4566 0.3626 1
0.4735 0.3728 1
0.4904 0.3728 1
0.5186 0.3932 1
0.5355 0.4059 1
0.5524 0.4416 1
0.5468 0.462 1
0.5242 0.5028 1
0.513 0.520699 1
0.4735 0.5513 1
0.4566 0.5589 1
0.434 0.5615 1
14
0.193423 0.201261 1
0.198166 0.199521 1
0.210609 0.199845 1
0.217918 0.202727 1
0.237717 0.222567 1
0.257554 0.236249 1
0.31824 0.306282 1
0.340033 0.339736 1
0.386014 0.426784 1
0.404978 0.466243 1
0.416156 0.515099 1
0.415663 0.529321 1
0.408935 0.54327 1
0.390855 0.541236 1
25
0.22625 0.166667 1
0.2323 0.1661 1
0.2506 0.1661 1
0.2506 0.1689 1
0.2629 0.1744 1
0.2751 0.1827 1
0.2934 0.1938 1
0.3057 0.2048 1
0.324 0.2297 1
0.3484 0.2739 1
0.3607 0.3182 1
0.3851 0.3735 1
0.3912 0.4205 1
0.3912 0.4675 1
0.3912 0.509 1
0.3974 0.545 1
0.3974 0.5754 1
0.3974 0.5975 1
0.3975 0.606667 1
0.39875 0.615 1
0.4 0.625 1
0.4 0.631667 1
0.3975 0.64 1
0.395 0.648333 1
0.38625 0.668333 1
27
0.2572 0.2407 1
0.2679 0.2407 1
0.284 0.2382 1
0.3001 0.2407 1
0.3269 0.2431 1
0.3537 0.2479 1
0.3858 0.2601 1
0.434 0.2794 1
0.4716 0.3037 1
0.5037 0.3303 1
0.5412 0.3619 1
0.5627 0.3982 1
0.5734 0.4273 1
0.5841 0.4637 1
0.5787 0.4952 1
0.5787 0.5364 1
0.5627 0.5606 1
0.5466 0.5897 1
0.5305 0.6188 1
0.5091 0.6358 1
0.4876 0.6552 1
0.4716 0.6697 1
0.4555 0.677 1
0.4394 0.6818 1
0.4287 0.6843 1
0.418 0.6818 1
0.4126 0.677 1
30
0.121363 0.208031 1
0.127263 0.208031 1
0.127434 0.208324 1
0.145334 0.208324 1
0.158229 0.214219 1
0.187929 0.222319 1
0.22603 0.233452 1
0.26763 0.249552 1
0.296176 0.265124 1
0.343776 0.305524 1
0.372545 0.328072 1
0.395906 0.355685 1
0.431606 0.398785 1
0.451582 0.434377 1
0.475382 0.480077 1
0.477845 0.50618 1
0.477845 0.53848 1
0.473835 0.566161 1
0.455935 0.595661 1
0.446014 0.621049 1
0.42837 0.642618 1
0.41057 0.658718 1
0.379448 0.672771 1
0.361648 0.680871 1
0.342942 0.685078 1
0.331042 0.693178 1
0.317624 0.696701 1
0.305724 0.699301 1
0.299393 0.702625 1
0.293311 0.705923 1
24
0.1607 0.2552 1
0.1661 0.2552 1
0.1714 0.2576 1
0.1875 0.2601 1
0.2304 0.2697 1
0.2786 0.2794 1
0.3322 0.294 1
0.4019 0.311 1
0.4608 0.3352 1
0.5091 0.3594 1
0.5466 0.3934 1
0.5734 0.42 1
0.5895 0.4467 1
0.5948 0.4782 1
0.6002 0.5025 1
0.6002 0.5243 1
0.5948 0.5461 1
0.5841 0.5655 1
0.5787 0.5873 1
0.568 0.6043 1
0.5573 0.6091 1
0.5519 0.6212 1
0.5412 0.6309 1
0.5359 0.6358 1
18
0.22125 0.191667 1
0.2259 0.1939 1
0.2497 0.1993 1
0.2794 0.2155 1
0.3567 0.2693 1
0.4043 0.2961 1
0.4876 0.3984 1
0.5054 0.4521 1
0.523199 0.5463 1
0.5411 0.5947 1
0.5351 0.6619 1
0.523199 0.6915 1
0.5173 0.7399 1
0.4935 0.7507 1
0.4519 0.7668 1
0.44 0.7776 1
0.4043 0.7884 1
0.3984 0.791 1
17
0.261599 0.1939 1
0.2675 0.1913 1
0.2913 0.1993 1
0.3032 0.2208 1
0.3448 0.3284 1
0.3627 0.393 1
0.3805 0.4548 1
0.3627 0.5517 1
0.3508 0.6001 1
0.3389 0.6646 1
0.3389 0.6835 1
0.327 0.7238 1
0.3151 0.7641 1
0.3032 0.783 1
0.2973 0.7937 1
0.2854 0.8045 1
0.2735 0.8126 1
18
0.160311 0.125838 1
0.172511 0.128638 1
0.191011 0.13448 1
0.204477 0.146277 1
0.24389 0.160468 1
0.266109 0.178787 1
0.289519 0.206525 1
0.300392 0.233888 1
0.333541 0.267073 1
0.360826 0.301313 1
0.381441 0.329102 1
0.395842 0.357731 1
0.400142 0.397261 1
0.400693 0.422059 1
0.405732 0.448725 1
0.403953 0.469089 1
0.403565 0.486421 1
0.397253 0.49812 1
18
0.103136 0.229678 1
0.108536 0.229678 1
0.124774 0.232415 1
0.163083 0.237698 1
0.229334 0.257369 1
0.282521 0.286247 1
0.351366 0.316918 1
0.399815 0.349697 1
0.439083 0.387173 1
0.473284 0.428138 1
0.49092 0.467984 1
0.497746 0.508057 1
0.492654 0.529831 1
0.48088 0.556962 1
0.464044 0.579986 1
0.45211 0.595255 1
0.435742 0.603062 1
0.424894 0.608348 1
23
0.106598 0.239123 1
0.111998 0.240056 1
0.117035 0.240291 1
0.122732 0.240767 1
0.137532 0.245267 1
0.169057 0.249935 1
0.183123 0.251848 1
0.221778 0.259596 1
0.256378 0.272996 1
0.295697 0.293856 1
0.336841 0.310183 1
0.363515 0.334216 1
0.393115 0.358816 1
0.41923 0.375115 1
0.440535 0.396303 1
0.445435 0.418603 1
0.455541 0.438578 1
0.454481 0.4525 1
0.453755 0.467109 1
0.453755 0.478309 1
0.450588 0.489736 1
0.450323 0.491902 1
0.446427 0.499048 1
24
0.217853 0.206027 1
0.217853 0.206027 1
0.235738 0.208875 1
0.242145 0.211878 1
0.265945 0.217278 1
0.296966 0.225547 1
0.328929 0.229207 1
0.370629 0.245407 1
0.417656 0.268721 1
0.456133 0.291916 1
0.491732 0.332216 1
0.534539 0.362123 1
0.565491 0.396572 1
0.578353 0.426524 1
0.584252 0.461524 1
0.579308 0.487654 1
0.573438 0.511839 1
0.573438 0.530639 1
0.566866 0.544471 1
0.566405 0.555938 1
0.561805 0.571638 1
0.559733 0.575156 1
0.553565 0.580873 1
0.547572 0.583877 1
25
0.192882 0.144197 1
0.198932 0.14363 1
0.217344 0.143821 1
0.217994 0.14701 1
0.230294 0.15251 1
0.244064 0.161028 1
0.257687 0.170018 1
0.269987 0.181018 1
0.287679 0.201307 1
0.307934 0.240742 1
0.320234 0.285042 1
0.346056 0.337265 1
0.353767 0.380213 1
0.353767 0.427213 1
0.355003 0.465693 1
0.362431 0.500705 1
0.362431 0.531105 1
0.362599 0.553184 1
0.361834 0.562778 1
0.363084 0.571111 1
0.363742 0.582096 1
0.362749 0.589302 1
0.360249 0.597634 1
0.357533 0.606376 1
0.348664 0.626766 1
20
0.260558 0.256225 1
0.260558 0.256225 1
0.265865 0.256237 1
0.276605 0.25626 1
0.287401 0.258774 1
0.303214 0.268245 1
0.324677 0.280162 1
0.351477 0.301962 1
0.378023 0.335571 1
0.404811 0.374182 1
0.437109 0.407834 1
0.453285 0.44885 1
0.46946 0.475489 1
0.47476 0.523989 1
0.48547 0.543388 1
0.480117 0.567614 1
0.474681 0.589474 1
0.46932 0.606507 1
0.458507 0.621132 1
0.4532 0.633256 1
18
0.1446 0.2576 1
0.15 0.2576 1
0.1661 0.2601 1
0.2036 0.2649 1
0.2679 0.2843 1
0.3269 0.3158 1
0.3965 0.3522 1
0.4501 0.3909 1
0.4876 0.4322 1
0.5198 0.4782 1
0.5359 0.521799 1
0.5412 0.5631 1
0.5359 0.5849 1
0.5252 0.6115 1
0.5091 0.6333 1
0.4984 0.6479 1
0.4823 0.6552 1
0.4716 0.66 1
25
0.3271 0.3045 1
0.3334 0.3045 1
0.3397 0.3017 1
0.3397 0.3045 1
0.3397 0.3102 1
0.3523 0.3188 1
0.3648 0.3301 1
0.4026 0.3757 1
0.3963 0.4013 1
0.4089 0.4326 1
0.4215 0.4667 1
0.434 0.4952 1
0.4403 0.5635 1
0.4403 0.5834 1
0.4403 0.6062 1
0.4403 0.6545 1
0.434 0.6688 1
0.4403 0.6887 1
0.434 0.7058 1
0.4278 0.72 1
0.4215 0.7285 1
0.4152 0.7342 1
0.4089 0.7371 1
0.4089 0.7371 1
0.4089 0.7371 1
13
0.33727 0.273219 1
0.343683 0.276213 1
0.356943 0.290907 1
0.385293 0.325989 1
0.416076 0.389614 1
0.399274 0.450184 1
0.414949 0.497055 1
0.409902 0.559394 1
0.404847 0.632392 1
0.38534 0.669804 1
0.37214 0.699203 1
0.358534 0.716848 1
0.345594 0.729058 1
12
0.1967 0.236 1
0.2025 0.236 1
0.2257 0.2386 1
0.254599 0.2465 1
0.3357 0.2936 1
0.382 0.3198 1
0.4398 0.3878 1
0.4688 0.4271 1
0.4977 0.4873 1
0.4977 0.513499 1
0.4977 0.5371 1
0.4861 0.5606 1
9
0.3067 0.2831 1
0.3357 0.2936 1
0.382 0.3381 1
0.4167 0.3878 1
0.463 0.4428 1
0.4919 0.503 1
0.5151 0.5632 1
0.4977 0.5842 1
0.4803 0.5947 1
19
0.06599 0.220338 1
0.07669 0.220338 1
0.0929992 0.220697 1
0.12102 0.223826 1
0.161466 0.231535 1
0.200889 0.244476 1
0.247948 0.260125 1
0.288471 0.280285 1
0.35544 0.31331 1
0.406662 0.349307 1
0.438862 0.397807 1
0.446481 0.43334 1
0.443486 0.470286 1
0.4277 0.496848 1
0.415378 0.521948 1
0.398167 0.540698 1
0.385604 0.553807 1
0.379798 0.564273 1
0.374275 0.569906 1
27
0.157622 0.217032 1
0.157622 0.219432 1
0.163211 0.219757 1
0.173911 0.217357 1
0.191116 0.218018 1
0.220583 0.220788 1
0.247383 0.228088 1
0.287638 0.243904 1
0.351938 0.263304 1
0.399105 0.284572 1
0.429665 0.303079 1
0.483165 0.334579 1
0.517781 0.368151 1
0.547316 0.402469 1
0.552716 0.438869 1
0.554816 0.462839 1
0.554816 0.489539 1
0.551502 0.512061 1
0.535687 0.531426 1
0.524987 0.548426 1
0.512818 0.56365 1
0.496718 0.57575 1
0.474312 0.587125 1
0.467226 0.595338 1
0.456526 0.597738 1
0.445458 0.600832 1
0.439856 0.603995 1
14
0.168006 0.204145 1
0.172634 0.20305 1
0.190973 0.206271 1
0.216678 0.211919 1
0.261314 0.229452 1
0.27168 0.240425 1
0.3023 0.269781 1
0.345369 0.328816 1
0.364742 0.347497 1
0.390069 0.403487 1
0.406089 0.427768 1
0.410945 0.468641 1
0.40936 0.487799 1
0.397225 0.509974 1
23
0.197104 0.186654 1
0.197104 0.186654 1
0.209159 0.189622 1
0.221871 0.192866 1
0.239771 0.200966 1
0.265768 0.217371 1
0.283022 0.241318 1
0.317771 0.261766 1
0.359471 0.302166 1
0.389271 0.333098 1
0.421061 0.374591 1
0.447115 0.401121 1
0.464915 0.436121 1
0.472543 0.464195 1
0.474262 0.487012 1
0.462363 0.508512 1
0.444798 0.524583 1
0.419788 0.53328 1
0.389259 0.53196 1
0.365459 0.53196 1
0.34627 0.532713 1
0.334067 0.530584 1
0.333901 0.53113 1
15
0.303654 0.294396 1
0.30999 0.294458 1
0.322801 0.305985 1
0.335912 0.311755 1
0.353191 0.328069 1
0.371894 0.346471 1
0.408346 0.373422 1
0.478532 0.425205 1
0.504034 0.452623 1
0.523333 0.480802 1
0.529688 0.509194 1
0.554607 0.546334 1
0.560714 0.566554 1
0.554091 0.581029 1
0.541382 0.592689 1
19
0.182463 0.193872 1
0.193963 0.196472 1
0.194146 0.194187 1
0.218416 0.200026 1
0.238296 0.210884 1
0.282709 0.233616 1
0.316509 0.246939 1
0.373298 0.307209 1
0.393035 0.336151 1
0.424582 0.389692 1
0.436182 0.426392 1
0.432413 0.481629 1
0.428632 0.503505 1
0.411607 0.553271 1
0.398586 0.567073 1
0.386013 0.584392 1
0.367082 0.603577 1
0.355126 0.612148 1
0.343331 0.615389 1
7
0.177094 0.180116 1
0.300794 0.222682 1
0.403967 0.299234 1
0.475324 0.385181 1
0.473752 0.416517 1
0.397983 0.435674 1
0.364943 0.44093 1
10
0.280049 0.279559 1
0.297519 0.282278 1
0.333606 0.295757 1
0.388203 0.346558 1
0.455902 0.451557 1
0.491708 0.532825 1
0.499048 0.601021 1
0.510113 0.656274 1
0.486022 0.717426 1
0.468413 0.728426 1
15
0.191823 0.152558 1
0.198018 0.15552 1
0.198569 0.15585 1
0.2304 0.164334 1
0.250936 0.173646 1
0.31152 0.216739 1
0.350808 0.240301 1
0.408478 0.32826 1
0.427825 0.3783 1
0.453366 0.476963 1
0.471807 0.526746 1
0.452776 0.599007 1
0.446074 0.619242 1
0.426933 0.669498 1
0.420548 0.678375 1
11
0.220508 0.262742 1
0.226422 0.262938 1
0.263391 0.266258 1
0.328112 0.292902 1
0.415856 0.335623 1
0.511555 0.380739 1
0.564918 0.448354 1
0.589444 0.497023 1
0.56546 0.547159 1
0.534941 0.559216 1
0.493999 0.570532 1
16
0.209029 0.153199 1
0.209205 0.1535 1
0.245931 0.156813 1
0.290005 0.162456 1
0.472935 0.274832 1
0.531477 0.326768 1
0.584347 0.448361 1
0.598488 0.502613 1
0.571325 0.590429 1
0.567272 0.623271 1
0.521708 0.672814 1
0.486272 0.680882 1
0.437309 0.705754 1
0.418577 0.715407 1
0.375312 0.713555 1
0.362984 0.717513 1
12
0.3648 0.3074 1
0.3711 0.3131 1
0.3963 0.3273 1
0.40875 0.365 1
0.415 0.415 1
0.4152 0.481 1
0.4278 0.5179 1
0.434 0.5521 1
0.4403 0.5805 1
0.44 0.598333 1
0.4403 0.6147 1
0.434 0.6232 1
14
0.357166 0.308075 1
0.361084 0.308039 1
0.378088 0.310601 1
0.383939 0.313236 1
0.388892 0.328199 1
0.399432 0.3369 1
0.427759 0.361908 1
0.428017 0.38166 1
0.433914 0.411778 1
0.434137 0.429417 1
0.405799 0.485585 1
0.394405 0.501042 1
0.366046 0.519028 1
0.343492 0.529356 1
36
0.24457 0.244294 1
0.24997 0.246695 1
0.25527 0.251595 1
0.266012 0.254067 1
0.282112 0.258867 1
0.303758 0.266314 1
0.319858 0.276014 1
0.347253 0.290597 1
0.379453 0.305197 1
0.431282 0.326198 1
0.463382 0.345598 1
0.489952 0.368053 1
0.500652 0.387453 1
0.516752 0.404453 1
0.525883 0.422049 1
0.531283 0.441449 1
0.531821 0.462084 1
0.531821 0.476584 1
0.532431 0.48965 1
0.527031 0.504151 1
0.527499 0.515108 1
0.516799 0.527308 1
0.511964 0.539034 1
0.506564 0.548734 1
0.501164 0.558434 1
0.495927 0.570526 1
0.485227 0.577826 1
0.4741 0.585187 1
0.4688 0.590087 1
0.463176 0.59526 1
0.457876 0.59776 1
0.4521 0.602764 1
0.4467 0.605164 1
0.446618 0.607819 1
0.441318 0.610219 1
0.435873 0.612766 1
20
0.14852 0.196194 1
0.16152 0.196194 1
0.181094 0.196493 1
0.201514 0.205903 1
0.236374 0.212144 1
0.267945 0.223437 1
0.305892 0.236814 1
0.364192 0.271914 1
0.409498 0.296749 1
0.450627 0.332927 1
0.49205 0.370479 1
0.519887 0.398047 1
0.534711 0.431599 1
0.547711 0.460899 1
0.541474 0.484367 1
0.540119 0.505535 1
0.539191 0.524679 1
0.531136 0.531322 1
0.524397 0.540762 1
0.51771 0.547274 1
11
0.382037 0.280695 1
0.388385 0.280777 1
0.433334 0.306636 1
0.469135 0.385434 1
0.473403 0.478127 1
0.480999 0.60598 1
0.475228 0.670189 1
0.456924 0.720958 1
0.443955 0.74964 1
0.424377 0.767291 1
0.417934 0.779033 1
17
0.22875 0.235 1
0.235 0.238333 1
0.2373 0.2386 1
0.2604 0.2517 1
0.2836 0.27 1
0.3183 0.3041 1
0.3472 0.3433 1
0.382 0.3931 1
0.4109 0.4428 1
0.4225 0.4742 1
0.434 0.5109 1
0.4398 0.5423 1
0.4398 0.5685 1
0.4456 0.592 1
0.4456 0.6078 1
0.4425 0.62 1
0.434 0.6287 1
36
0.251778 0.249148 1
0.257178 0.251549 1
0.262478 0.256449 1
0.273196 0.25888 1
0.289296 0.26368 1
0.310802 0.271043 1
0.326902 0.280743 1
0.353957 0.295279 1
0.386157 0.309879 1
0.438997 0.331336 1
0.471097 0.350736 1
0.497799 0.374187 1
0.508498 0.393587 1
0.524598 0.410587 1
0.534625 0.429213 1
0.540025 0.448613 1
0.540256 0.469912 1
0.540256 0.484412 1
0.540518 0.498353 1
0.535118 0.512854 1
0.535319 0.524463 1
0.524619 0.536663 1
0.519518 0.548603 1
0.514118 0.558303 1
0.508718 0.568003 1
0.503445 0.5801 1
0.492745 0.5874 1
0.481805 0.594669 1
0.476505 0.599569 1
0.471009 0.604529 1
0.465709 0.607029 1
0.460147 0.611916 1
0.454747 0.614316 1
0.454712 0.616883 1
0.449412 0.619283 1
0.443993 0.621746 1
18
0.2506 0.1661 1
0.2567 0.1689 1
0.2812 0.1772 1
0.2934 0.1882 1
0.324 0.2131 1
0.3484 0.254599 1
0.3668 0.3044 1
0.3851 0.3597 1
0.4035 0.4095 1
0.4096 0.4509 1
0.4157 0.4897 1
0.4218 0.5256 1
0.4218 0.556 1
0.4218 0.5837 1
0.4279 0.6086 1
0.4279 0.6279 1
0.4279 0.639 1
0.4218 0.6528 1
20
0.19968 0.230646 1
0.21268 0.230646 1
0.232083 0.230652 1
0.251505 0.239465 1
0.283958 0.245372 1
0.322701 0.2599 1
0.36158 0.280347 1
0.41988 0.315447 1
0.471541 0.347587 1
0.510489 0.388483 1
0.549443 0.432247 1
0.575385 0.464446 1
0.588326 0.499513 1
0.595076 0.528513 1
0.596331 0.555179 1
0.594802 0.572826 1
0.591283 0.588559 1
0.588249 0.596277 1
0.581842 0.605091 1
0.575338 0.611004 1
22
0.173285 0.218002 1
0.178585 0.222802 1
0.184194 0.22556 1
0.188913 0.230656 1
0.209754 0.241297 1
0.225854 0.248497 1
0.233191 0.256744 1
0.241951 0.260138 1
0.256386 0.275479 1
0.283186 0.297279 1
0.312651 0.318213 1
0.343618 0.344521 1
0.366184 0.363164 1
0.387684 0.401964 1
0.400685 0.431611 1
0.417099 0.460674 1
0.420779 0.488073 1
0.426179 0.509873 1
0.42507 0.52632 1
0.42321 0.541828 1
0.422804 0.554693 1
0.422582 0.560324 1
7
0.188487 0.187788 1
0.311927 0.230156 1
0.416369 0.308928 1
0.488105 0.398936 1
0.485692 0.431641 1
0.410363 0.450323 1
0.377777 0.455123 1
23
0.146688 0.24895 1
0.151588 0.24895 1
0.156558 0.255771 1
0.171768 0.262716 1
0.196468 0.278316 1
0.222157 0.314153 1
0.253711 0.353024 1
0.287828 0.394721 1
0.317428 0.441621 1
0.329618 0.48772 1
0.350314 0.530382 1
0.361128 0.559031 1
0.366028 0.592531 1
0.376706 0.621829 1
0.38738 0.645807 1
0.39228 0.665907 1
0.392385 0.679194 1
0.377041 0.690663 1
0.366768 0.700183 1
0.352068 0.706883 1
0.331643 0.709422 1
0.316706 0.711979 1
0.311732 0.714425 1
20
0.177804 0.228245 1
0.183104 0.228245 1
0.199397 0.230977 1
0.216628 0.236553 1
0.235357 0.246632 1
0.248727 0.262364 1
0.27977 0.27615 1
0.31197 0.30765 1
0.326166 0.330869 1
0.350138 0.35952 1
0.363637 0.386377 1
0.371086 0.410228 1
0.384021 0.43761 1
0.384021 0.469111 1
0.389612 0.493275 1
0.388109 0.518317 1
0.38178 0.53693 1
0.374654 0.557265 1
0.368878 0.567675 1
0.368672 0.578053 1
13
0.3571 0.279 1
0.3626 0.279 1
0.3626 0.279 1
0.3901 0.2988 1
0.4066 0.3137 1
0.4395 0.3684 1
0.456 0.3958 1
0.467 0.4504 1
0.4725 0.4678 1
0.467 0.517499 1
0.456 0.53 1
0.4395 0.5523 1
0.43 0.558333 1
22
0.255452 0.298809 1
0.255452 0.298809 1
0.261065 0.301331 1
0.27244 0.303976 1
0.306421 0.309101 1
0.334621 0.314201 1
0.384782 0.326657 1
0.435511 0.331226 1
0.502634 0.351076 1
0.542134 0.363876 1
0.564798 0.401721 1
0.542483 0.426754 1
0.525726 0.457006 1
0.486226 0.477406 1
0.458167 0.502792 1
0.435687 0.520689 1
0.412987 0.533439 1
0.390487 0.541139 1
0.373519 0.548852 1
0.362104 0.554014 1
0.345179 0.559162 1
0.328266 0.561807 1
27
0.225949 0.219655 1
0.236649 0.219655 1
0.252854 0.217334 1
0.268954 0.219834 1
0.296363 0.222599 1
0.324633 0.227603 1
0.356733 0.239803 1
0.400553 0.257127 1
0.438153 0.281427 1
0.469683 0.303708 1
0.503301 0.330846 1
0.524801 0.367146 1
0.536833 0.393364 1
0.549042 0.425969 1
0.543642 0.457469 1
0.544799 0.495841 1
0.528799 0.520041 1
0.51385 0.548215 1
0.497907 0.577296 1
0.476507 0.594296 1
0.454197 0.614095 1
0.438197 0.628595 1
0.421542 0.636818 1
0.404512 0.642122 1
0.393812 0.644622 1
0.38291 0.642505 1
0.377398 0.638071 1
24
0.136578 0.238956 1
0.141978 0.238956 1
0.147359 0.241494 1
0.163929 0.244275 1
0.206829 0.253875 1
0.256164 0.263733 1
0.306383 0.276808 1
0.376083 0.293808 1
0.434543 0.314675 1
0.479847 0.33543 1
0.517347 0.36943 1
0.545175 0.393805 1
0.562439 0.417576 1
0.568633 0.446893 1
0.574033 0.471193 1
0.574921 0.492279 1
0.569642 0.514064 1
0.558942 0.533464 1
0.552917 0.555572 1
0.541789 0.573285 1
0.531089 0.578085 1
0.524971 0.590574 1
0.514114 0.600569 1
0.508729 0.605751 1
9
0.154866 0.30478 1
0.172498 0.305718 1
0.216975 0.30016 1
0.253293 0.297406 1
0.368095 0.343082 1
0.426978 0.371404 1
0.475351 0.43666 1
0.45629 0.478923 1
0.433748 0.517514 1
18
0.0912291 0.229336 1
0.0961291 0.231537 1
0.0962857 0.231805 1
0.1071 0.234652 1
0.124105 0.241658 1
0.147135 0.249794 1
0.19068 0.263417 1
0.234158 0.299125 1
0.270656 0.330501 1
0.307518 0.36941 1
0.343755 0.409768 1
0.36028 0.44858 1
0.375315 0.479751 1
0.379001 0.52055 1
0.383069 0.539735 1
0.386675 0.55619 1
0.386371 0.567864 1
0.381204 0.575113 1
18
0.15576 0.194383 1
0.16431 0.19665 1
0.183854 0.205697 1
0.210592 0.214998 1
0.258015 0.229879 1
0.303789 0.24766 1
0.354905 0.27982 1
0.401365 0.305981 1
0.467998 0.337116 1
0.515373 0.369996 1
0.542865 0.401305 1
0.563948 0.438132 1
0.577064 0.473206 1
0.575949 0.500155 1
0.568787 0.524925 1
0.554508 0.543118 1
0.541229 0.552444 1
0.528176 0.558847 1
18
0.2812 0.1606 1
0.2873 0.1633 1
0.2995 0.1633 1
0.3179 0.1716 1
0.3362 0.1799 1
0.3607 0.202 1
0.3851 0.2269 1
0.4157 0.2574 1
0.4524 0.2905 1
0.4891 0.3237 1
0.513499 0.3652 1
0.519599 0.4012 1
0.5319 0.4371 1
0.538 0.4731 1
0.53875 0.505 1
0.5441 0.5311 1
0.5441 0.556 1
0.5319 0.5671 1
30
0.141202 0.221391 1
0.147102 0.221391 1
0.147206 0.22157 1
0.165106 0.22157 1
0.177614 0.227233 1
0.207314 0.235333 1
0.244482 0.246337 1
0.286082 0.262437 1
0.317409 0.279264 1
0.365009 0.319664 1
0.39414 0.344953 1
0.419965 0.375398 1
0.455665 0.418498 1
0.474795 0.455921 1
0.498595 0.501621 1
0.500101 0.530132 1
0.500101 0.562432 1
0.495356 0.591909 1
0.477456 0.621409 1
0.466805 0.647385 1
0.449061 0.668966 1
0.431261 0.685066 1
0.400653 0.698865 1
0.382853 0.706965 1
0.364499 0.710586 1
0.352599 0.718686 1
0.339771 0.721889 1
0.327871 0.724489 1
0.321669 0.727571 1
0.315658 0.730636 1
12
0.152786 0.206428 1
0.158732 0.206679 1
0.182789 0.209791 1
0.207598 0.215201 1
0.287899 0.256233 1
0.330616 0.272112 1
0.390535 0.334779 1
0.422779 0.368805 1
0.451899 0.428978 1
0.449982 0.457035 1
0.448675 0.481344 1
0.436634 0.505896 1
17
0.1867 0.2372 1
0.1918 0.2372 1
0.1918 0.2372 1
0.2069 0.2395 1
0.217 0.244 1
0.2372 0.2532 1
0.2624 0.2806 1
0.2978 0.3331 1
0.318 0.381 1
0.3381 0.4358 1
0.3583 0.4929 1
0.3634 0.5454 1
0.3583 0.5797 1
0.3533 0.6093 1
0.3432 0.6276 1
0.3331 0.6459 1
0.328 0.6504 1
22
0.2593 0.3014 1
0.2593 0.3014 1
0.2649 0.3039 1
0.2762 0.3065 1
0.31 0.3116 1
0.3382 0.3167 1
0.3889 0.3294 1
0.4397 0.3345 1
0.5073 0.3549 1
0.5468 0.3677 1
0.5693 0.4059 1
0.5468 0.4314 1
0.5299 0.462 1
0.4904 0.4824 1
0.4622 0.5079 1
0.4397 0.5258 1
0.4171 0.5385 1
0.3946 0.5462 1
0.3777 0.5538 1
0.3664 0.5589 1
0.3495 0.564 1
0.3326 0.5666 1
18
0.140285 0.254694 1
0.145685 0.254694 1
0.161799 0.257219 1
0.199384 0.262069 1
0.263887 0.281497 1
0.322282 0.312725 1
0.391803 0.348528 1
0.444867 0.386612 1
0.482551 0.427514 1
0.514959 0.47299 1
0.531219 0.516199 1
0.536678 0.557372 1
0.5314 0.579169 1
0.520588 0.605824 1
0.504411 0.627752 1
0.493583 0.642421 1
0.477455 0.649774 1
0.46674 0.654625 1
11
0.213258 0.137232 1
0.243159 0.142978 1
0.348269 0.189773 1
0.476624 0.261264 1
0.581043 0.432638 1
0.568618 0.527366 1
0.57085 0.602614 1
0.49017 0.662593 1
0.441009 0.684863 1
0.396547 0.693014 1
0.366142 0.697156 1
17
0.27298 0.259563 1
0.275491 0.256101 1
0.279398 0.254582 1
0.29216 0.257401 1
0.343092 0.269643 1
0.384358 0.283211 1
0.423683 0.310195 1
0.531564 0.367706 1
0.579948 0.395081 1
0.604426 0.425723 1
0.646801 0.48428 1
0.652793 0.508469 1
0.640418 0.543703 1
0.628193 0.560344 1
0.609848 0.56874 1
0.579929 0.577064 1
0.562064 0.582678 1
24
0.154921 0.251308 1
0.160321 0.251308 1
0.16564 0.253741 1
0.181853 0.256309 1
0.224753 0.265909 1
0.273225 0.275647 1
0.326015 0.289881 1
0.395715 0.306881 1
0.454509 0.330283 1
0.502092 0.353657 1
0.539591 0.387657 1
0.566638 0.413724 1
0.583017 0.439722 1
0.588531 0.470699 1
0.593931 0.494999 1
0.594144 0.516628 1
0.588773 0.538425 1
0.578073 0.557825 1
0.572523 0.579699 1
0.56172 0.596869 1
0.55102 0.601669 1
0.545448 0.613863 1
0.534711 0.623633 1
0.52939 0.628601 1
23
0.169761 0.124451 1
0.174561 0.127218 1
0.188704 0.128116 1
0.19418 0.131022 1
0.206479 0.136522 1
0.221396 0.145199 1
0.231602 0.152647 1
0.24285 0.155669 1
0.26115 0.180569 1
0.278378 0.216525 1
0.293139 0.255499 1
0.320326 0.303788 1
0.326426 0.350788 1
0.328565 0.392562 1
0.33069 0.432352 1
0.33689 0.468352 1
0.33718 0.498716 1
0.335684 0.521555 1
0.334659 0.54266 1
0.340759 0.55096 1
0.339041 0.560191 1
0.338667 0.566398 1
0.338461 0.572574 1
20
0.205805 0.160727 1
0.213805 0.162394 1
0.219276 0.166848 1
0.246389 0.182195 1
0.287486 0.212534 1
0.331215 0.256594 1
0.377629 0.307965 1
0.417629 0.368365 1
0.448396 0.431838 1
0.476 0.493283 1
0.503722 0.55111 1
0.524608 0.591492 1
0.538688 0.633164 1
0.545388 0.666364 1
0.538794 0.693551 1
0.538245 0.715022 1
0.537869 0.730748 1
0.523938 0.74619 1
0.510401 0.752449 1
0.506125 0.753597 1
22
0.242373 0.183197 1
0.247373 0.184864 1
0.248097 0.183507 1
0.260047 0.186296 1
0.278306 0.194346 1
0.296106 0.213146 1
0.324837 0.244964 1
0.342498 0.29501 1
0.36535 0.339721 1
0.38915 0.398821 1
0.395375 0.457317 1
0.401743 0.510191 1
0.402026 0.563301 1
0.402026 0.598201 1
0.396307 0.635675 1
0.390445 0.66797 1
0.378347 0.692268 1
0.366447 0.708368 1
0.354412 0.727393 1
0.348185 0.743716 1
0.342236 0.754509 1
0.328909 0.755499 1
18
0.2201 0.1661 1
0.2323 0.1689 1
0.2506 0.1744 1
0.2629 0.1855 1
0.2995 0.1993 1
0.3301 0.2214 1
0.3546 0.2574 1
0.3729 0.2933 1
0.4035 0.332 1
0.4279 0.3735 1
0.4463 0.4067 1
0.4585 0.4371 1
0.4625 0.476667 1
0.4646 0.5007 1
0.4707 0.5256 1
0.4707 0.545 1
0.4707 0.5616 1
0.4646 0.5726 1
10
0.204749 0.158243 1
0.222759 0.169233 1
0.278459 0.183234 1
0.350524 0.206177 1
0.413227 0.257609 1
0.450522 0.353096 1
0.482663 0.432526 1
0.470073 0.465128 1
0.456603 0.496237 1
0.432471 0.515828 1
11
0.289185 0.263494 1
0.295083 0.263661 1
0.31432 0.27469 1
0.356539 0.296449 1
0.416092 0.356269 1
0.517138 0.473148 1
0.552917 0.556913 1
0.545884 0.621333 1
0.51868 0.663705 1
0.511497 0.675534 1
0.493455 0.687065 1
20
0.128003 0.234126 1
0.136553 0.234559 1
0.151539 0.237079 1
0.172426 0.246629 1
0.204649 0.260393 1
0.236235 0.283667 1
0.274718 0.298264 1
0.304318 0.322764 1
0.326994 0.343804 1
0.36387 0.369962 1
0.391261 0.389993 1
0.422926 0.413948 1
0.434778 0.434597 1
0.444677 0.459097 1
0.449858 0.479162 1
0.453413 0.497675 1
0.452424 0.512722 1
0.450765 0.524821 1
0.445404 0.534403 1
0.440304 0.548455 1
15
0.2201 0.1716 1
0.2262 0.1744 1
0.2262 0.1744 1
0.2567 0.1827 1
0.2812 0.1938 1
0.3423 0.2408 1
0.3851 0.2684 1
0.4402 0.3624 1
0.4585 0.415 1
0.483 0.5145 1
0.501299 0.5643 1
0.483 0.6362 1
0.4768 0.6556 1
0.4585 0.7054 1
0.4524 0.7136 1
17
0.244231 0.240203 1
0.246839 0.236906 1
0.251306 0.235722 1
0.265421 0.238729 1
0.312323 0.249153 1
0.353065 0.258749 1
0.388819 0.281628 1
0.497925 0.336486 1
0.547696 0.360371 1
0.57324 0.388411 1
0.616673 0.446117 1
0.622809 0.470288 1
0.609689 0.50589 1
0.596954 0.52338 1
0.577754 0.532239 1
0.547648 0.540915 1
0.529681 0.546866 1
24
0.2438 0.2235 1
0.2438 0.2235 1
0.261599 0.2262 1
0.2675 0.2289 1
0.2913 0.2343 1
0.3211 0.2424 1
0.3567 0.2477 1
0.3984 0.2639 1
0.4459 0.2908 1
0.4876 0.3177 1
0.523199 0.358 1
0.5649 0.3903 1
0.5946 0.4279 1
0.6065 0.4602 1
0.6124 0.4952 1
0.6065 0.522099 1
0.6005 0.5463 1
0.6005 0.5651 1
0.5946 0.5786 1
0.5946 0.5893 1
0.59 0.605 1
0.5887 0.6081 1
0.5827 0.6135 1
0.5768 0.6162 1
18
0.327 0.2639 1
0.327 0.2639 1
0.333 0.2666 1
0.3448 0.2639 1
0.3686 0.2746 1
0.3984 0.2881 1
0.4638 0.3473 1
0.4876 0.3876 1
0.5173 0.4333 1
0.5411 0.5248 1
0.5411 0.5732 1
0.5292 0.6135 1
0.523199 0.6727 1
0.5113 0.6915 1
0.5054 0.705 1
0.4757 0.7319 1
0.4697 0.748 1
0.4578 0.7615 1
17
0.153996 0.215177 1
0.159205 0.215364 1
0.159843 0.215746 1
0.176482 0.218259 1
0.181998 0.220691 1
0.201601 0.225372 1
0.222739 0.248102 1
0.259533 0.297586 1
0.281312 0.341515 1
0.302623 0.393355 1
0.324027 0.449486 1
0.329291 0.501966 1
0.323344 0.536684 1
0.317764 0.56725 1
0.30669 0.586078 1
0.296378 0.604778 1
0.291162 0.609661 1
19
0.233314 0.228116 1
0.244814 0.230716 1
0.244827 0.228139 1
0.268105 0.233385 1
0.285593 0.243911 1
0.337134 0.269859 1
0.371861 0.290208 1
0.434966 0.357739 1
0.452536 0.391372 1
0.481628 0.451088 1
0.493228 0.487788 1
0.487576 0.547627 1
0.481923 0.571009 1
0.464643 0.620806 1
0.45294 0.633957 1
0.441269 0.649775 1
0.42385 0.668139 1
0.412224 0.676088 1
0.40061 0.678735 1
14
0.22125 0.22 1
0.2259 0.2181 1
0.2378 0.2181 1
0.2438 0.2208 1
0.2675 0.2424 1
0.2913 0.2639 1
0.3508 0.3365 1
0.37125 0.373333 1
0.4162 0.4629 1
0.434 0.5032 1
0.4459 0.5517 1
0.4459 0.5651 1
0.44 0.5786 1
0.4222 0.5759 1
22
0.146334 0.256395 1
0.146334 0.258795 1
0.151664 0.256447 1
0.162541 0.261353 1
0.195168 0.266312 1
0.227368 0.278412 1
0.268897 0.294839 1
0.327732 0.320186 1
0.374806 0.352891 1
0.423006 0.389191 1
0.455592 0.427155 1
0.48823 0.464854 1
0.504565 0.502833 1
0.509965 0.534334 1
0.515699 0.560665 1
0.521045 0.58496 1
0.52081 0.606876 1
0.52081 0.623876 1
0.515349 0.636243 1
0.515079 0.65089 1
0.51502 0.660701 1
0.514988 0.665707 1
13
0.2319 0.1805 1
0.2378 0.1805 1
0.2913 0.1966 1
0.3746 0.2585 1
0.4638 0.3365 1
0.523199 0.4414 1
0.5351 0.5355 1
0.547 0.6539 1
0.5292 0.7077 1
0.4995 0.7346 1
0.4697 0.7561 1
0.4222 0.7749 1
0.3924 0.7857 1
20
0.216005 0.24427 1
0.221305 0.24677 1
0.232071 0.249283 1
0.253957 0.259214 1
0.303088 0.276243 1
0.332513 0.306591 1
0.374953 0.328056 1
0.407153 0.359556 1
0.447594 0.40283 1
0.475238 0.437304 1
0.502993 0.4737 1
0.514426 0.501008 1
0.525855 0.531922 1
0.525855 0.558622 1
0.525954 0.57801 1
0.520041 0.590363 1
0.50899 0.605448 1
0.503101 0.615467 1
0.502973 0.623009 1
0.502902 0.630541 1
19
0.1286 0.2625 1
0.1393 0.2625 1
0.1554 0.2625 1
0.1822 0.2649 1
0.2197 0.2722 1
0.2679 0.2891 1
0.3161 0.3134 1
0.3644 0.3425 1
0.4287 0.3813 1
0.4769 0.4249 1
0.5091 0.4734 1
0.5144 0.514599 1
0.5091 0.5534 1
0.493 0.58 1
0.4823 0.6043 1
0.4662 0.6212 1
0.4555 0.6333 1
0.4501 0.643 1
0.4448 0.6479 1
9
0.282869 0.267052 1
0.312413 0.277966 1
0.356494 0.321115 1
0.387799 0.364119 1
0.436265 0.414027 1
0.466925 0.471365 1
0.489628 0.531855 1
0.471096 0.553943 1
0.453456 0.565013 1
22
0.215671 0.165215 1
0.220671 0.166882 1
0.221484 0.165679 1
0.233955 0.168779 1
0.25347 0.177003 1
0.27127 0.195803 1
0.296258 0.225932 1
0.313432 0.272289 1
0.332968 0.313187 1
0.356768 0.372287 1
0.364131 0.428321 1
0.371788 0.477952 1
0.37306 0.528645 1
0.37306 0.563545 1
0.368323 0.600228 1
0.362596 0.632507 1
0.349806 0.657146 1
0.337906 0.673246 1
0.325397 0.69306 1
0.318376 0.709814 1
0.312253 0.720934 1
0.298831 0.722236 1
11
0.3963 0.2903 1
0.4026 0.2903 1
0.4466 0.3159 1
0.4844 0.3956 1
0.4907 0.4923 1
0.497 0.6232 1
0.4907 0.6887 1
0.4718 0.7399 1
0.4592 0.7684 1
0.4403 0.7854 1
0.434 0.7968 1
17
0.189718 0.207049 1
0.193599 0.210606 1
0.19916 0.212994 1
0.224097 0.226349 1
0.241825 0.242181 1
0.275814 0.270888 1
0.299865 0.304515 1
0.336329 0.350714 1
0.367113 0.395675 1
0.380159 0.423542 1
0.393096 0.459086 1
0.399092 0.490462 1
0.39808 0.517161 1
0.403188 0.541814 1
0.402026 0.558244 1
0.398673 0.570921 1
0.390034 0.580078 1
20
0.2358 0.2576 1
0.2411 0.2601 1
0.2518 0.2625 1
0.2733 0.2722 1
0.3215 0.2891 1
0.3537 0.3207 1
0.3965 0.3449 1
0.4287 0.3764 1
0.4716 0.4225 1
0.4984 0.4588 1
0.5252 0.4976 1
0.5359 0.5267 1
0.5466 0.5582 1
0.5466 0.5849 1
0.5466 0.6043 1
0.5412 0.6164 1
0.5305 0.6309 1
0.5252 0.6406 1
0.5252 0.6479 1
0.5252 0.6552 1
23
0.1475 0.266667 1
0.1529 0.2676 1
0.1578 0.2676 1
0.1627 0.2676 1
0.1775 0.2721 1
0.2071 0.2765 1
0.2269 0.281 1
0.2663 0.2944 1
0.3009 0.3078 1
0.3453 0.3345 1
0.3847 0.3546 1
0.4094 0.3836 1
0.439 0.4082 1
0.4636 0.4282 1
0.4834 0.4506 1
0.4883 0.4729 1
0.4982 0.4929 1
0.4982 0.506299 1
0.4982 0.5197 1
0.4982 0.5309 1
0.49625 0.541667 1
0.49625 0.543333 1
0.4925 0.55 1
16
0.224659 0.163725 1
0.224783 0.163936 1
0.261204 0.167067 1
0.304542 0.172608 1
0.489664 0.285972 1
0.548491 0.340068 1
0.603302 0.463892 1
0.616777 0.519586 1
0.58886 0.6093 1
0.584228 0.643557 1
0.538088 0.693563 1
0.502573 0.701641 1
0.454016 0.726313 1
0.435561 0.735504 1
0.392762 0.7334 1
0.380591 0.736984 1
12
0.308568 0.269533 1
0.315056 0.275555 1
0.341353 0.290411 1
0.348566 0.324922 1
0.353791 0.367152 1
0.349403 0.419936 1
0.364717 0.450008 1
0.37507 0.477454 1
0.381653 0.505819 1
0.378898 0.526032 1
0.377524 0.543306 1
0.37066 0.553152 1
18
0.201085 0.153295 1
0.213285 0.156095 1
0.231649 0.161704 1
0.244319 0.173026 1
0.281814 0.18695 1
0.309749 0.207847 1
0.333902 0.24122 1
0.34984 0.274405 1
0.381251 0.311351 1
0.406568 0.350542 1
0.425673 0.382021 1
0.438573 0.411858 1
0.442668 0.451413 1
0.444275 0.475689 1
0.450038 0.501151 1
0.449472 0.520858 1
0.449349 0.53769 1
0.443181 0.548913 1
24
0.110992 0.221726 1
0.116392 0.221726 1
0.121858 0.224411 1
0.138928 0.227491 1
0.181828 0.237091 1
0.232367 0.247115 1
0.278999 0.258572 1
0.348699 0.275572 1
0.406692 0.292903 1
0.448818 0.310006 1
0.486318 0.344006 1
0.515237 0.366021 1
0.533736 0.386685 1
0.540877 0.413686 1
0.546277 0.437986 1
0.548107 0.458314 1
0.542957 0.480083 1
0.532257 0.499483 1
0.525569 0.521919 1
0.513987 0.540387 1
0.503287 0.545187 1
0.496408 0.558089 1
0.485385 0.568397 1
0.479908 0.573879 1
22
0.25 0.188333 1
0.255 0.19 1
0.255699 0.1886 1
0.2675 0.1913 1
0.2854 0.1993 1
0.3032 0.2181 1
0.333 0.2504 1
0.3508 0.3015 1
0.3746 0.3473 1
0.3984 0.4064 1
0.4043 0.4656 1
0.4103 0.5194 1
0.4103 0.5732 1
0.4103 0.6081 1
0.4043 0.6458 1
0.3984 0.6781 1
0.3865 0.7023 1
0.3746 0.7184 1
0.3627 0.7372 1
0.3567 0.7534 1
0.3508 0.7641 1
0.3375 0.765 1
20
0.2626 0.2576 1
0.2626 0.2576 1
0.2679 0.2576 1
0.2786 0.2576 1
0.2893 0.2601 1
0.3054 0.2697 1
0.3269 0.2819 1
0.3537 0.3037 1
0.3805 0.3376 1
0.4072 0.3764 1
0.4394 0.4103 1
0.4555 0.4515 1
0.4716 0.4782 1
0.4769 0.5267 1
0.4876 0.5461 1
0.4823 0.5703 1
0.4769 0.5921 1
0.4716 0.6091 1
0.4608 0.6237 1
0.4555 0.6358 1
20
0.198219 0.241992 1
0.203519 0.241992 1
0.219744 0.244608 1
0.236577 0.249946 1
0.254345 0.259891 1
0.270577 0.276915 1
0.301992 0.293522 1
0.334192 0.325022 1
0.350924 0.351156 1
0.374026 0.381689 1
0.38654 0.411026 1
0.393232 0.436724 1
0.405415 0.46471 1
0.405415 0.496211 1
0.410904 0.520388 1
0.40993 0.545169 1
0.403963 0.563179 1
0.397445 0.583185 1
0.391801 0.593345 1
0.391668 0.603485 1
20
0.15 0.2431 1
0.1554 0.2455 1
0.1661 0.2479 1
0.1929 0.252799 1
0.225 0.2601 1
0.2572 0.2673 1
0.3001 0.2794 1
0.3537 0.294 1
0.4072 0.311 1
0.4501 0.3328 1
0.4984 0.357 1
0.5252 0.3813 1
0.5519 0.4103 1
0.5734 0.437 1
0.5895 0.4588 1
0.6002 0.4782 1
0.6055 0.4903 1
0.6055 0.5 1
0.6002 0.5025 1
0.5948 0.504899 1
27
0.2143 0.2552 1
0.2143 0.2576 1
0.2197 0.2576 1
0.2304 0.2552 1
0.2465 0.2552 1
0.2733 0.2576 1
0.3001 0.2649 1
0.3483 0.2843 1
0.4126 0.3037 1
0.4608 0.3328 1
0.4984 0.3594 1
0.5519 0.3909 1
0.5841 0.4297 1
0.6109 0.4709 1
0.6163 0.5073 1
0.6163 0.5364 1
0.6163 0.5631 1
0.6109 0.5873 1
0.5948 0.6067 1
0.5841 0.6237 1
0.5734 0.6382 1
0.5573 0.6503 1
0.5359 0.66 1
0.5305 0.6673 1
0.5198 0.6697 1
0.5091 0.6721 1
0.5037 0.6746 1
22
0.1554 0.2625 1
0.1554 0.2649 1
0.1607 0.2625 1
0.1714 0.2673 1
0.2036 0.2722 1
0.2358 0.2843 1
0.2786 0.3013 1
0.3376 0.3279 1
0.3858 0.3619 1
0.434 0.3982 1
0.4662 0.437 1
0.4984 0.4758 1
0.5144 0.514599 1
0.5198 0.5461 1
0.5252 0.5727 1
0.5305 0.597 1
0.5305 0.6188 1
0.5305 0.6358 1
0.5252 0.6479 1
0.5252 0.6624 1
0.5252 0.6721 1
0.5252 0.677 1
20
0.137114 0.251437 1
0.147014 0.253636 1
0.15195 0.255899 1
0.166961 0.262724 1
0.197068 0.276195 1
0.230156 0.309013 1
0.26936 0.338722 1
0.30886 0.370022 1
0.34702 0.404182 1
0.39178 0.438887 1
0.4121 0.462078 1
0.4371 0.492301 1
0.452297 0.516582 1
0.457297 0.541082 1
0.457351 0.556675 1
0.461971 0.570213 1
0.46178 0.581732 1
0.456559 0.590806 1
0.456489 0.593138 1
0.445351 0.603231 1
17
0.0775935 0.221595 1
0.08376 0.224009 1
0.0971482 0.227141 1
0.130485 0.230271 1
0.166494 0.237711 1
0.211531 0.246761 1
0.267359 0.261519 1
0.320007 0.283083 1
0.392268 0.315866 1
0.438406 0.346264 1
0.477938 0.380874 1
0.504038 0.418962 1
0.529422 0.460217 1
0.535469 0.493005 1
0.541377 0.522626 1
0.541248 0.546369 1
0.534677 0.567102 1
17
0.202363 0.21723 1
0.208701 0.220715 1
0.211515 0.221289 1
0.235857 0.234562 1
0.255358 0.251193 1
0.289577 0.281647 1
0.315199 0.317079 1
0.351124 0.364445 1
0.381298 0.410941 1
0.393875 0.439953 1
0.406346 0.475871 1
0.412279 0.507255 1
0.411595 0.533792 1
0.416927 0.558072 1
0.416142 0.574297 1
0.412871 0.58682 1
0.404277 0.595829 1
18
0.092575 0.230242 1
0.097475 0.232443 1
0.0976271 0.232704 1
0.108415 0.235535 1
0.125357 0.242532 1
0.148575 0.250753 1
0.192145 0.264562 1
0.235791 0.300462 1
0.272231 0.331963 1
0.309028 0.371035 1
0.345215 0.411515 1
0.361691 0.450366 1
0.376719 0.481538 1
0.380439 0.522321 1
0.384532 0.541465 1
0.388177 0.557899 1
0.387882 0.569556 1
0.38272 0.576789 1
14
0.2873 0.2159 1
0.2934 0.2159 1
0.3118 0.2297 1
0.3484 0.2767 1
0.4157 0.3403 1
0.4585 0.415 1
0.4891 0.4841 1
0.507399 0.5781 1
0.507399 0.6224 1
0.4891 0.6777 1
0.4768 0.7054 1
0.4524 0.7247 1
0.4463 0.733 1
0.4279 0.7358 1
15
0.177229 0.182965 1
0.186321 0.191558 1
0.215363 0.246781 1
0.23917 0.29363 1
0.273477 0.370506 1
0.31457 0.439269 1
0.346821 0.502504 1
0.367245 0.59887 1
0.380174 0.650056 1
0.369296 0.686934 1
0.339636 0.743417 1
0.327016 0.757172 1
0.314623 0.771492 1
0.301997 0.77734 1
0.301718 0.778005 1
18
0.168584 0.203019 1
0.177134 0.205286 1
0.196634 0.214258 1
0.223123 0.22341 1
0.269942 0.238207 1
0.317513 0.256799 1
0.368863 0.290731 1
0.416916 0.318724 1
0.483002 0.351041 1
0.529758 0.385478 1
0.556776 0.417948 1
0.577386 0.455155 1
0.590438 0.490236 1
0.589656 0.517022 1
0.582721 0.541413 1
0.568823 0.559399 1
0.555627 0.568568 1
0.54262 0.574821 1
16
0.284294 0.25912 1
0.291797 0.258268 1
0.311781 0.261876 1
0.331037 0.275572 1
0.343928 0.289733 1
0.355421 0.298445 1
0.379281 0.335277 1
0.388168 0.352478 1
0.409998 0.396306 1
0.406647 0.414545 1
0.408182 0.428814 1
0.408486 0.465777 1
0.413213 0.480753 1
0.415286 0.500279 1
0.41033 0.520525 1
0.40342 0.530578 1
14
0.201926 0.206987 1
0.206641 0.205198 1
0.218918 0.205423 1
0.225827 0.20825 1
0.246818 0.228627 1
0.267866 0.244698 1
0.328189 0.315516 1
0.349572 0.350002 1
0.395238 0.437821 1
0.413846 0.477536 1
0.425245 0.526283 1
0.424903 0.540254 1
0.418428 0.554066 1
0.400434 0.551828 1
15
0.3145 0.3017 1
0.3208 0.3017 1
0.3334 0.3131 1
0.346 0.3188 1
0.3648 0.3358 1
0.3837 0.3557 1
0.4215 0.3842 1
0.4907 0.4383 1
0.5158 0.4667 1
0.5347 0.4952 1
0.541 0.523599 1
0.5662 0.5606 1
0.5725 0.5805 1
0.5662 0.5948 1
0.5536 0.6062 1
16
0.231464 0.160206 1
0.237748 0.16035 1
0.24434 0.168944 1
0.282228 0.177409 1
0.30309 0.186813 1
0.38213 0.238626 1
0.409595 0.265423 1
0.441171 0.301895 1
0.503589 0.367931 1
0.547324 0.434747 1
0.548253 0.453399 1
0.56058 0.511484 1
0.553826 0.520106 1
0.541178 0.531852 1
0.528127 0.543359 1
0.521773 0.535663 1
21
0.0575489 0.204859 1
0.0628489 0.204859 1
0.0737505 0.207605 1
0.0964274 0.213207 1
0.131367 0.225703 1
0.171207 0.243686 1
0.224707 0.270386 1
0.293307 0.298347 1
0.344811 0.328529 1
0.390183 0.366663 1
0.414596 0.390834 1
0.419896 0.419934 1
0.427531 0.445972 1
0.413653 0.465985 1
0.397856 0.485348 1
0.390992 0.500619 1
0.374892 0.51272 1
0.366921 0.515735 1
0.355926 0.522775 1
0.350234 0.528414 1
0.344619 0.53152 1
16
0.231461 0.167012 1
0.249925 0.172722 1
0.250299 0.172945 1
0.275599 0.17577 1
0.285216 0.185659 1
0.327567 0.202315 1
0.34969 0.213482 1
0.405506 0.269717 1
0.443129 0.289593 1
0.498838 0.362461 1
0.511843 0.403394 1
0.524139 0.480782 1
0.529743 0.511527 1
0.523304 0.589492 1
0.516634 0.598101 1
0.510342 0.623459 1
21
0.179785 0.145444 1
0.183635 0.147044 1
0.195957 0.150053 1
0.208868 0.153278 1
0.235084 0.167316 1
0.260472 0.18431 1
0.284972 0.20921 1
0.308707 0.234672 1
0.328678 0.254265 1
0.366932 0.289701 1
0.386992 0.318373 1
0.411492 0.346073 1
0.425043 0.378673 1
0.432485 0.405293 1
0.438768 0.435671 1
0.437823 0.455537 1
0.437823 0.472137 1
0.437176 0.487014 1
0.430541 0.497035 1
0.426555 0.502481 1
0.420175 0.506242 1
25
0.220464 0.162771 1
0.226514 0.162204 1
0.244833 0.162237 1
0.244946 0.165104 1
0.257246 0.170604 1
0.269718 0.178942 1
0.287207 0.189676 1
0.299507 0.200676 1
0.317702 0.224777 1
0.341383 0.268151 1
0.353683 0.31245 1
0.37833 0.367217 1
0.384709 0.413514 1
0.384709 0.460514 1
0.384923 0.501491 1
0.391336 0.537319 1
0.391336 0.567719 1
0.391365 0.589816 1
0.391316 0.599057 1
0.392566 0.60739 1
0.393713 0.617561 1
0.393541 0.624321 1
0.391041 0.632654 1
0.388503 0.641058 1
0.379733 0.661125 1
20
0.1442 0.193285 1
0.1572 0.193285 1
0.176789 0.193609 1
0.197293 0.203069 1
0.232356 0.209339 1
0.263322 0.220358 1
0.30119 0.233139 1
0.35949 0.268238 1
0.40426 0.292457 1
0.445572 0.328236 1
0.487204 0.365263 1
0.5152 0.39244 1
0.530184 0.425864 1
0.536934 0.454864 1
0.538468 0.481496 1
0.535501 0.499853 1
0.530997 0.517225 1
0.526313 0.525838 1
0.519546 0.53533 1
0.512845 0.541893 1
16
0.2567 0.1772 1
0.2629 0.1772 1
0.269 0.1855 1
0.3057 0.1938 1
0.3301 0.2048 1
0.4096 0.2601 1
0.4402 0.2905 1
0.4707 0.3293 1
0.5319 0.3984 1
0.5747 0.4675 1
0.5747 0.4869 1
0.5869 0.545 1
0.5808 0.5533 1
0.5686 0.5643 1
0.5563 0.5754 1
0.5502 0.5671 1
23
0.14883 0.250393 1
0.15373 0.250393 1
0.158693 0.257201 1
0.173861 0.264121 1
0.198561 0.279721 1
0.224149 0.315544 1
0.256004 0.354551 1
0.29016 0.396544 1
0.31976 0.443444 1
0.332216 0.489849 1
0.352821 0.532709 1
0.363531 0.561617 1
0.368431 0.595117 1
0.37903 0.62461 1
0.389625 0.648651 1
0.394525 0.668751 1
0.39462 0.682039 1
0.379331 0.69348 1
0.369096 0.702938 1
0.354396 0.709638 1
0.334034 0.712142 1
0.319112 0.714673 1
0.314145 0.717094 1
13
0.2854 0.1886 1
0.3092 0.1805 1
0.3508 0.1832 1
0.44 0.2208 1
0.5173 0.2639 1
0.6243 0.3984 1
0.66 0.4871 1
0.6422 0.5194 1
0.6243 0.5463 1
0.6065 0.5624 1
0.5827 0.5705 1
0.547 0.5705 1
0.5292 0.5624 1
10
0.328952 0.271718 1
0.334943 0.272289 1
0.353161 0.280412 1
0.403313 0.335535 1
0.44861 0.384945 1
0.474953 0.433484 1
0.508012 0.491974 1
0.530855 0.549724 1
0.53027 0.573785 1
0.518547 0.58458 1
18
0.161986 0.151758 1
0.166636 0.153991 1
0.190634 0.15973 1
0.221489 0.176621 1
0.301578 0.230808 1
0.34087 0.25386 1
0.42309 0.347972 1
0.433529 0.393209 1
0.453854 0.481943 1
0.474615 0.523146 1
0.47081 0.584983 1
0.461091 0.612828 1
0.45549 0.661191 1
0.430154 0.672749 1
0.387502 0.6906 1
0.373839 0.702355 1
0.337754 0.71388 1
0.331643 0.717174 1
17
0.242008 0.180707 1
0.247974 0.178219 1
0.272156 0.186448 1
0.284978 0.208076 1
0.323832 0.314437 1
0.341375 0.37633 1
0.356741 0.435332 1
0.339776 0.530425 1
0.328822 0.576446 1
0.317648 0.639173 1
0.318369 0.657493 1
0.306567 0.697781 1
0.29416 0.738332 1
0.281912 0.75781 1
0.275429 0.768826 1
0.263402 0.779866 1
0.251432 0.788195 1
10
0.210732 0.162272 1
0.228721 0.173227 1
0.284024 0.187119 1
0.357036 0.211267 1
0.420227 0.264106 1
0.457234 0.360319 1
0.488933 0.440467 1
0.476467 0.472997 1
0.463282 0.503833 1
0.43921 0.523281 1
18
0.269257 0.152558 1
0.275357 0.155258 1
0.287597 0.155326 1
0.30623 0.163765 1
0.325092 0.172143 1
0.347918 0.193488 1
0.3721 0.216738 1
0.401217 0.245532 1
0.438426 0.277531 1
0.475702 0.309281 1
0.500543 0.3497 1
0.507083 0.385346 1
0.519444 0.421239 1
0.525235 0.457391 1
0.525773 0.489644 1
0.530767 0.515937 1
0.53069 0.540983 1
0.518447 0.552223 1
15
0.205 0.201667 1
0.214 0.2101 1
0.2425 0.265 1
0.265 0.311667 1
0.3032 0.3903 1
0.3448 0.4629 1
0.3805 0.5301 1
0.3984 0.6324 1
0.4103 0.6861 1
0.3984 0.7238 1
0.3686 0.7803 1
0.3567 0.7937 1
0.3448 0.8072 1
0.333 0.8126 1
0.333 0.8126 1
22
0.2358 0.2601 1
0.2411 0.2649 1
0.2465 0.2673 1
0.25 0.271667 1
0.2679 0.2819 1
0.284 0.2891 1
0.3001 0.3013 1
0.31 0.313333 1
0.3322 0.3376 1
0.359 0.3594 1
0.3858 0.3861 1
0.41375 0.42 1
0.434 0.4443 1
0.4555 0.4831 1
0.4662 0.514599 1
0.4823 0.5437 1
0.4876 0.5703 1
0.493 0.5921 1
0.493 0.6067 1
0.493 0.6212 1
0.493 0.6333 1
0.493 0.6382 1
23
0.202332 0.190175 1
0.202332 0.190175 1
0.214369 0.193113 1
0.226979 0.196296 1
0.244879 0.204396 1
0.27063 0.220767 1
0.288617 0.245044 1
0.323461 0.266214 1
0.365161 0.306614 1
0.39561 0.338293 1
0.427178 0.380268 1
0.452979 0.407433 1
0.470779 0.442433 1
0.478215 0.47098 1
0.479741 0.493952 1
0.467842 0.515452 1
0.45025 0.531526 1
0.425376 0.540156 1
0.39494 0.538681 1
0.37114 0.538681 1
0.352106 0.53935 1
0.339937 0.537157 1
0.339789 0.537643 1
12
0.336922 0.273719 1
0.343703 0.271672 1
0.355485 0.271781 1
0.395117 0.305252 1
0.435447 0.348463 1
0.486786 0.414371 1
0.545136 0.494438 1
0.597925 0.616318 1
0.580572 0.684412 1
0.539664 0.716207 1
0.504687 0.732057 1
0.458293 0.73488 1
11
0.249683 0.28239 1
0.255501 0.282418 1
0.290528 0.285207 1
0.359339 0.313697 1
0.451239 0.364615 1
0.544285 0.415965 1
0.596568 0.48622 1
0.619873 0.535772 1
0.596646 0.585535 1
0.567512 0.596259 1
0.526863 0.606877 1
14
0.231288 0.178181 1
0.237575 0.178502 1
0.257067 0.192955 1
0.296303 0.240321 1
0.355751 0.300378 1
0.390572 0.359341 1
0.42356 0.423274 1
0.444562 0.510473 1
0.446637 0.549703 1
0.430681 0.60331 1
0.41693 0.631726 1
0.391536 0.652681 1
0.383769 0.661884 1
0.364807 0.666025 1
21
0.21625 0.17 1
0.2201 0.1716 1
0.2323 0.1744 1
0.2445 0.1772 1
0.269 0.191 1
0.2995 0.2103 1
0.324 0.2352 1
0.3484 0.2657 1
0.3729 0.2905 1
0.4096 0.3293 1
0.4279 0.3624 1
0.4524 0.3901 1
0.4646 0.426 1
0.4707 0.4537 1
0.4768 0.4841 1
0.4768 0.5035 1
0.4768 0.5201 1
0.4768 0.5339 1
0.47125 0.543333 1
0.4675 0.548333 1
0.46125 0.551667 1
14
0.301648 0.285942 1
0.310126 0.288909 1
0.316882 0.289181 1
0.330581 0.303633 1
0.365007 0.356157 1
0.374281 0.409396 1
0.400476 0.475541 1
0.414103 0.532406 1
0.421268 0.578693 1
0.415945 0.623487 1
0.40904 0.680685 1
0.402426 0.692775 1
0.389131 0.698852 1
0.381196 0.700911 1
22
0.108464 0.21974 1
0.112814 0.224473 1
0.125749 0.227532 1
0.145349 0.227652 1
0.197733 0.233519 1
0.243033 0.239419 1
0.299891 0.253368 1
0.364504 0.275448 1
0.441026 0.300379 1
0.505826 0.326679 1
0.564565 0.37853 1
0.590961 0.403681 1
0.610742 0.43785 1
0.623742 0.47595 1
0.617621 0.510846 1
0.617672 0.540139 1
0.598006 0.566671 1
0.585006 0.590071 1
0.571923 0.605075 1
0.565117 0.614041 1
0.55855 0.628767 1
0.552014 0.631787 1
11
0.310521 0.296125 1
0.318898 0.299006 1
0.332046 0.307755 1
0.349792 0.344235 1
0.38632 0.407323 1
0.431068 0.490963 1
0.450273 0.57272 1
0.438017 0.672071 1
0.431504 0.689276 1
0.399713 0.726652 1
0.38073 0.743082 1
22
0.228496 0.255182 1
0.233796 0.259982 1
0.239221 0.262423 1
0.242863 0.266876 1
0.261107 0.277156 1
0.277207 0.284356 1
0.292283 0.296094 1
0.30205 0.307118 1
0.323343 0.330342 1
0.350143 0.352142 1
0.377254 0.378169 1
0.405556 0.411182 1
0.426077 0.434821 1
0.447577 0.473621 1
0.458546 0.504903 1
0.474683 0.534 1
0.479793 0.560693 1
0.485193 0.582493 1
0.485064 0.597309 1
0.484846 0.611927 1
0.484799 0.624116 1
0.484773 0.629102 1
17
0.234789 0.175846 1
0.24078 0.1734 1
0.265103 0.181712 1
0.278264 0.203387 1
0.316106 0.309292 1
0.333517 0.370187 1
0.347987 0.428159 1
0.33133 0.522586 1
0.320724 0.567731 1
0.309817 0.629805 1
0.310804 0.647911 1
0.299039 0.688194 1
0.286444 0.728837 1
0.274068 0.748529 1
0.26737 0.759661 1
0.255297 0.770789 1
0.243301 0.779203 1
36
0.2572 0.252799 1
0.2626 0.2552 1
0.2679 0.2601 1
0.2786 0.2625 1
0.2947 0.2673 1
0.3161 0.2746 1
0.3322 0.2843 1
0.359 0.2988 1
0.3912 0.3134 1
0.4448 0.3352 1
0.4769 0.3546 1
0.5037 0.3788 1
0.5144 0.3982 1
0.5305 0.4152 1
0.5412 0.4346 1
0.5466 0.454 1
0.5466 0.4758 1
0.5466 0.4903 1
0.5466 0.504899 1
0.5412 0.5194 1
0.5412 0.5315 1
0.5305 0.5437 1
0.5252 0.5558 1
0.5198 0.5655 1
0.5144 0.5752 1
0.5091 0.5873 1
0.4984 0.5946 1
0.4876 0.6018 1
0.4823 0.6067 1
0.4769 0.6115 1
0.4716 0.614 1
0.4662 0.6188 1
0.4608 0.6212 1
0.4608 0.6237 1
0.4555 0.6261 1
0.4501 0.6285 1
9
0.290547 0.272223 1
0.319916 0.283004 1
0.364712 0.326588 1
0.397111 0.371749 1
0.444879 0.423298 1
0.474972 0.481558 1
0.497835 0.541954 1
0.479668 0.563692 1
0.462105 0.574579 1
20
0.227 0.175 1
0.235 0.176667 1
0.2404 0.181 1
0.2671 0.1961 1
0.3072 0.2263 1
0.3539 0.2717 1
0.4007 0.326 1
0.4407 0.3864 1
0.4741 0.4529 1
0.5008 0.5163 1
0.5275 0.5767 1
0.5476 0.619 1
0.5609 0.6613 1
0.5676 0.6945 1
0.5609 0.7217 1
0.5609 0.7429 1
0.5609 0.758 1
0.5476 0.7731 1
0.5342 0.7791 1
0.53 0.78 1
11
0.380364 0.279569 1
0.386718 0.27966 1
0.431778 0.30555 1
0.467344 0.384242 1
0.471375 0.476465 1
0.479123 0.60396 1
0.473413 0.668018 1
0.45518 0.718736 1
0.442167 0.74744 1
0.42251 0.765167 1
0.41605 0.776949 1
7
0.2384 0.2214 1
0.3607 0.2629 1
0.4707 0.3514 1
0.5441 0.4592 1
0.538 0.4979 1
0.4646 0.5145 1
0.434 0.5173 1
18
0.188407 0.124219 1
0.194507 0.127019 1
0.219215 0.135675 1
0.232628 0.1474 1
0.266154 0.172706 1
0.281836 0.210272 1
0.299102 0.25148 1
0.309677 0.297899 1
0.330728 0.341963 1
0.33983 0.375811 1
0.348234 0.408982 1
0.356623 0.44304 1
0.356935 0.473402 1
0.355323 0.501897 1
0.36032 0.528634 1
0.35847 0.548937 1
0.358066 0.560798 1
0.351745 0.575326 1
36
0.217471 0.226045 1
0.222871 0.228446 1
0.228171 0.233346 1
0.239004 0.235974 1
0.255104 0.240774 1
0.277279 0.248537 1
0.293379 0.258237 1
0.322048 0.272997 1
0.354248 0.287597 1
0.402279 0.306884 1
0.434379 0.326284 1
0.460455 0.344995 1
0.471155 0.364395 1
0.487255 0.381395 1
0.49302 0.395122 1
0.49842 0.414522 1
0.500113 0.432657 1
0.500113 0.447157 1
0.502031 0.456932 1
0.496631 0.471433 1
0.498103 0.479938 1
0.487403 0.492138 1
0.483565 0.503061 1
0.478165 0.512761 1
0.472765 0.522461 1
0.467665 0.534536 1
0.456965 0.541837 1
0.445135 0.549545 1
0.439835 0.554444 1
0.43373 0.560418 1
0.42843 0.562918 1
0.421848 0.568359 1
0.416448 0.570759 1
0.41619 0.573745 1
0.41089 0.576145 1
0.405349 0.57901 1
13
0.2527 0.2964 1
0.258199 0.2988 1
0.2967 0.3088 1
0.3626 0.3212 1
0.4286 0.3311 1
0.522 0.3734 1
0.533 0.4007 1
0.5 0.4604 1
0.4615 0.5126 1
0.4286 0.519999 1
0.3901 0.5349 1
0.3571 0.5449 1
0.3406 0.5523 1
17
0.23645 0.235428 1
0.236453 0.235433 1
0.25957 0.238043 1
0.28851 0.248548 1
0.346291 0.292994 1
0.381075 0.334777 1
0.42727 0.413156 1
0.456206 0.449777 1
0.467847 0.494174 1
0.479378 0.569997 1
0.48521 0.598772 1
0.473714 0.666872 1
0.462092 0.685182 1
0.427377 0.716608 1
0.409952 0.729721 1
0.375246 0.742832 1
0.357843 0.753342 1
24
0.137755 0.258701 1
0.137755 0.261301 1
0.143553 0.266743 1
0.178515 0.290337 1
0.223615 0.298037 1
0.249017 0.298426 1
0.268869 0.29206 1
0.291369 0.29716 1
0.312884 0.294032 1
0.333688 0.29063 1
0.356188 0.29833 1
0.370026 0.295338 1
0.389799 0.290707 1
0.408905 0.295518 1
0.425805 0.295518 1
0.456197 0.314155 1
0.473396 0.326818 1
0.490296 0.362518 1
0.483153 0.383679 1
0.459497 0.426238 1
0.448297 0.444137 1
0.407025 0.475698 1
0.389739 0.484027 1
0.366927 0.487324 1
10
0.34125 0.28 1
0.3472 0.2805 1
0.3646 0.2884 1
0.4167 0.346 1
0.463 0.3983 1
0.48875 0.448333 1
0.5209 0.5083 1
0.544 0.5659 1
0.544 0.5894 1
0.5324 0.5999 1
17
0.31625 0.259999 1
0.3211 0.2612 1
0.327 0.2639 1
0.3389 0.2666 1
0.3448 0.2719 1
0.3746 0.3015 1
0.3924 0.3284 1
0.4103 0.3499 1
0.4578 0.4172 1
0.4638 0.4521 1
0.4935 0.471 1
0.5173 0.5248 1
0.523199 0.5409 1
0.5292 0.5597 1
0.523199 0.5786 1
0.52125 0.585 1
0.5173 0.5974 1
19
0.127253 0.261593 1
0.137953 0.261593 1
0.154057 0.261601 1
0.180884 0.264016 1
0.218447 0.271325 1
0.266458 0.28814 1
0.314634 0.312254 1
0.362766 0.341161 1
0.427124 0.379837 1
0.475389 0.423274 1
0.507589 0.471774 1
0.512939 0.512851 1
0.507688 0.551612 1
0.491595 0.578211 1
0.48086 0.602528 1
0.464736 0.619468 1
0.453996 0.63159 1
0.448587 0.641306 1
0.443283 0.646222 1
23
0.21239 0.153157 1
0.21719 0.155924 1
0.23119 0.156578 1
0.235835 0.158987 1
0.248135 0.164487 1
0.261046 0.172886 1
0.277227 0.18303 1
0.289252 0.191942 1
0.307552 0.216842 1
0.330075 0.258885 1
0.343019 0.301791 1
0.368148 0.355256 1
0.374248 0.402256 1
0.374808 0.447889 1
0.375364 0.488941 1
0.381564 0.524941 1
0.38164 0.555332 1
0.381249 0.577625 1
0.380981 0.597471 1
0.387081 0.605771 1
0.386631 0.614315 1
0.386533 0.62 1
0.386479 0.625677 1
17
0.18102 0.233375 1
0.186139 0.233408 1
0.18625 0.233474 1
0.201617 0.235811 1
0.210921 0.239952 1
0.231017 0.248367 1
0.255512 0.274956 1
0.291154 0.326932 1
0.311628 0.374142 1
0.331938 0.428428 1
0.352347 0.48536 1
0.357476 0.537856 1
0.352229 0.572229 1
0.347128 0.601997 1
0.336859 0.620388 1
0.326722 0.638758 1
0.321602 0.643324 1
16
0.291576 0.256145 1
0.297695 0.256348 1
0.316186 0.256761 1
0.323752 0.262393 1
0.336687 0.262853 1
0.377641 0.284858 1
0.402941 0.3094 1
0.440151 0.351832 1
0.50136 0.465831 1
0.520473 0.503025 1
0.527777 0.574576 1
0.527955 0.604154 1
0.527037 0.623407 1
0.526408 0.675553 1
0.513454 0.686924 1
0.501198 0.701173 1
16
0.327 0.28 1
0.333 0.28 1
0.3508 0.28 1
0.3567 0.2854 1
0.3746 0.2881 1
0.4162 0.315 1
0.4459 0.3446 1
0.4816 0.3903 1
0.5411 0.5086 1
0.5589 0.549 1
0.5649 0.6216 1
0.5649 0.6512 1
0.5649 0.67 1
0.5649 0.7211 1
0.553 0.7319 1
0.5411 0.7453 1
20
0.2008 0.2314 1
0.2138 0.2314 1
0.2332 0.2314 1
0.2526 0.2402 1
0.285 0.2461 1
0.3239 0.260699 1
0.3628 0.2813 1
0.4211 0.3164 1
0.4729 0.3487 1
0.5118 0.3897 1
0.5507 0.4336 1
0.5766 0.4659 1
0.5895 0.501 1
0.6025 0.5303 1
0.596 0.5538 1
0.596 0.5743 1
0.596 0.5919 1
0.5895 0.5977 1
0.5831 0.6065 1
0.5766 0.6124 1
11
0.233835 0.219328 1
0.239665 0.22208 1
0.315575 0.292847 1
0.35479 0.328968 1
0.411385 0.433692 1
0.446918 0.484134 1
0.447257 0.595905 1
0.441841 0.637427 1
0.430003 0.700445 1
0.418068 0.719163 1
0.383176 0.735083 1
22
0.249575 0.294851 1
0.249575 0.294851 1
0.255208 0.297407 1
0.266697 0.30012 1
0.300955 0.305284 1
0.329155 0.310384 1
0.378492 0.322469 1
0.429115 0.326225 1
0.495507 0.345237 1
0.535007 0.358037 1
0.557921 0.39534 1
0.53589 0.419659 1
0.519351 0.449379 1
0.479851 0.469779 1
0.452009 0.494991 1
0.429558 0.512885 1
0.406705 0.525709 1
0.384205 0.533409 1
0.367133 0.541296 1
0.355544 0.546553 1
0.338581 0.551772 1
0.321646 0.554486 1
27
0.189255 0.238335 1
0.189255 0.240735 1
0.194739 0.240878 1
0.205439 0.238478 1
0.222027 0.23877 1
0.250006 0.241334 1
0.276806 0.248634 1
0.321495 0.26645 1
0.385795 0.28585 1
0.433539 0.311489 1
0.468028 0.334513 1
0.521528 0.366013 1
0.554795 0.402503 1
0.582804 0.440662 1
0.588204 0.477062 1
0.589132 0.503896 1
0.589132 0.530595 1
0.584654 0.554054 1
0.56868 0.573438 1
0.55798 0.590438 1
0.546631 0.605259 1
0.53053 0.617359 1
0.508686 0.627798 1
0.502541 0.635502 1
0.491841 0.637902 1
0.480979 0.640609 1
0.475489 0.643402 1
25
0.13529 0.210448 1
0.14029 0.210448 1
0.160611 0.212956 1
0.186519 0.21568 1
0.226919 0.21798 1
0.264028 0.225017 1
0.294238 0.238721 1
0.329538 0.259221 1
0.374376 0.295303 1
0.405166 0.328919 1
0.440466 0.376919 1
0.467313 0.423769 1
0.469066 0.46736 1
0.479166 0.50156 1
0.465311 0.532574 1
0.446448 0.549699 1
0.426248 0.574799 1
0.39613 0.590776 1
0.369989 0.607241 1
0.344789 0.614041 1
0.328945 0.619713 1
0.312764 0.627199 1
0.307664 0.624899 1
0.292329 0.625343 1
0.287099 0.623468 1
30
0.1724 0.2424 1
0.1783 0.2424 1
0.1783 0.2424 1
0.1962 0.2424 1
0.2081 0.2477 1
0.2378 0.2558 1
0.2735 0.2666 1
0.3151 0.2827 1
0.3508 0.3015 1
0.3984 0.3419 1
0.4281 0.3715 1
0.4578 0.4064 1
0.4935 0.4495 1
0.5113 0.4898 1
0.5351 0.5355 1
0.5351 0.5678 1
0.5351 0.6001 1
0.5292 0.6324 1
0.5113 0.6619 1
0.4995 0.6888 1
0.4816 0.7104 1
0.4638 0.7265 1
0.434 0.7399 1
0.4162 0.748 1
0.3984 0.7507 1
0.3865 0.7588 1
0.3746 0.7615 1
0.3627 0.7641 1
0.3567 0.7668 1
0.3508 0.7695 1
11
0.31875 0.301667 1
0.3271 0.3045 1
0.3397 0.3131 1
0.3586 0.3501 1
0.3963 0.4155 1
0.4403 0.500899 1
0.4592 0.5834 1
0.4466 0.683 1
0.4403 0.7001 1
0.4089 0.7371 1
0.39 0.753333 1
14
0.208024 0.148546 1
0.220407 0.15436 1
0.245877 0.1605 1
0.285159 0.177458 1
0.326367 0.198888 1
0.37975 0.24157 1
0.467689 0.333308 1
0.500838 0.406844 1
0.506721 0.473778 1
0.505166 0.524619 1
0.497644 0.564021 1
0.48537 0.614442 1
0.472488 0.638659 1
0.459436 0.653307 1
17
0.303934 0.251706 1
0.308826 0.252977 1
0.314966 0.255821 1
0.327445 0.258601 1
0.331619 0.263122 1
0.361194 0.291021 1
0.377465 0.316162 1
0.395889 0.336526 1
0.443984 0.402331 1
0.45044 0.436116 1
0.480593 0.454651 1
0.504455 0.508444 1
0.510035 0.524701 1
0.515818 0.543865 1
0.50945 0.562963 1
0.507421 0.569514 1
0.503428 0.582058 1
21
0.216092 0.243833 1
0.223292 0.242066 1
0.239505 0.23986 1
0.266966 0.245055 1
0.279262 0.257377 1
0.306608 0.277133 1
0.333408 0.301333 1
0.35959 0.328147 1
0.382179 0.357205 1
0.399724 0.392878 1
0.41746 0.42276 1
0.43356 0.45426 1
0.445517 0.485092 1
0.441365 0.515587 1
0.446935 0.542266 1
0.440656 0.5669 1
0.440656 0.5839 1
0.434755 0.599402 1
0.417646 0.614548 1
0.412026 0.622263 1
0.406605 0.62746 1
19
0.106499 0.247617 1
0.117199 0.247617 1
0.133372 0.247743 1
0.160603 0.250401 1
0.199143 0.257845 1
0.244245 0.273348 1
0.292042 0.294594 1
0.337597 0.320538 1
0.402839 0.357299 1
0.452106 0.398215 1
0.484306 0.446715 1
0.490424 0.485914 1
0.485938 0.524061 1
0.469949 0.550647 1
0.458676 0.57523 1
0.442184 0.592783 1
0.430827 0.605239 1
0.425283 0.615209 1
0.419904 0.620368 1
18
0.19875 0.223333 1
0.2073 0.2256 1
0.2267 0.2344 1
0.2526 0.2432 1
0.298 0.2578 1
0.3498 0.2783 1
0.4017 0.3164 1
0.4535 0.3487 1
0.5183 0.3838 1
0.5636 0.4219 1
0.5895 0.4571 1
0.609 0.4952 1
0.6219 0.5303 1
0.6219 0.5567 1
0.6155 0.5802 1
0.6025 0.5977 1
0.5895 0.6065 1
0.5766 0.6124 1
9
0.193659 0.330904 1
0.210405 0.331167 1
0.258495 0.327808 1
0.300338 0.335954 1
0.411614 0.389919 1
0.467632 0.4229 1
0.516816 0.487685 1
0.499597 0.528176 1
0.477445 0.565839 1
16
0.345 0.3 1
0.3523 0.2988 1
0.3711 0.3017 1
0.3875 0.315 1
0.4089 0.333 1
0.4215 0.3501 1
0.4529 0.3956 1
0.4592 0.4184 1
0.4781 0.4696 1
0.4725 0.493333 1
0.4718 0.5094 1
0.4718 0.5464 1
0.4781 0.5606 1
0.48125 0.578333 1
0.4781 0.5976 1
0.4718 0.6062 1
13
0.336331 0.272587 1
0.342748 0.275586 1
0.356026 0.290291 1
0.384288 0.325319 1
0.415054 0.388815 1
0.398135 0.449251 1
0.413895 0.495922 1
0.408883 0.558175 1
0.403863 0.631145 1
0.384337 0.668569 1
0.37112 0.697996 1
0.357485 0.715656 1
0.344536 0.727889 1
12
0.337903 0.290035 1
0.344019 0.291701 1
0.359894 0.299004 1
0.361722 0.305342 1
0.391341 0.335562 1
0.403619 0.34803 1
0.420488 0.396329 1
0.423043 0.417274 1
0.408017 0.469751 1
0.396407 0.480417 1
0.375277 0.508375 1
0.35973 0.516003 1
25
0.118584 0.199199 1
0.123584 0.199199 1
0.143961 0.201802 1
0.170195 0.20472 1
0.210595 0.20702 1
0.24849 0.214167 1
0.276358 0.226814 1
0.311658 0.247314 1
0.356192 0.281089 1
0.384906 0.312319 1
0.420206 0.360319 1
0.447766 0.405628 1
0.450325 0.447191 1
0.460425 0.481391 1
0.447189 0.510893 1
0.428941 0.527523 1
0.408741 0.552623 1
0.378707 0.56859 1
0.352133 0.585268 1
0.326933 0.592068 1
0.310792 0.598234 1
0.294115 0.605989 1
0.289015 0.603689 1
0.273571 0.604337 1
0.268282 0.602658 1
27
0.196641 0.218483 1
0.202541 0.218483 1
0.208579 0.221249 1
0.220479 0.215849 1
0.244501 0.215982 1
0.280642 0.226857 1
0.322342 0.248357 1
0.374235 0.287933 1
0.433635 0.331033 1
0.498826 0.380549 1
0.545003 0.435413 1
0.580703 0.491813 1
0.604991 0.547256 1
0.599545 0.580864 1
0.599545 0.634665 1
0.582169 0.657827 1
0.558369 0.684727 1
0.529091 0.703188 1
0.511247 0.721981 1
0.481548 0.732781 1
0.451551 0.738328 1
0.415851 0.743728 1
0.397848 0.738666 1
0.385607 0.733451 1
0.373707 0.741551 1
0.367633 0.744391 1
0.367592 0.747225 1
